     0.0133333 150890.1193650
     0.0400000 150642.3523381
     0.0666667 150394.5853112
     0.0933333 150146.8182843
     0.1200000 149899.0512575
     0.1466667 149651.2842306
     0.1733333 149403.5172037
     0.2000000 149155.7501768
     0.2266667 148907.9831500
     0.2533333 148660.2161231
     0.2800000 148412.4490962
     0.3066667 148164.6820694
     0.3333333 147916.9150425
     0.3600000     29.7320432
     0.3866667     29.7320432
     0.4133333     29.7320432
     0.4400000     29.7320432
     0.4666667     29.7320432
     0.4933333     29.7320432
     0.5200000     29.7320432
     0.5466667     29.7320432
     0.5733333     29.7320432
     0.6000000     29.7320432
     0.6266667     29.7320432
     0.6533333     29.7320432
     0.6800000     29.7320432
     0.7066667     29.7320432
     0.7333333     29.7320432
     0.7600000     29.7320432
     0.7866667     29.7320432
     0.8133333     29.7320432
     0.8400000     29.7320432
     0.8666667     29.7320432
     0.8933333     29.7320432
     0.9200000     29.7320432
     0.9466667     29.7320432
     0.9733333     29.7320432
     1.0000000     34.6873838
     1.0266667     29.7320432
     1.0533333     29.7320432
     1.0800000     29.7320432
     1.1066667     29.7320432
     1.1333333     34.6873838
     1.1600000     29.7320432
     1.1866667     29.7320432
     1.2133333     29.7320432
     1.2400000     29.7320432
     1.2666667     34.6873838
     1.2933333     29.7320432
     1.3200000     29.7320432
     1.3466667     29.7320432
     1.3733333     29.7320432
     1.4000000     34.6873838
     1.4266667     29.7320432
     1.4533333     29.7320432
     1.4800000     34.6873838
     1.5066667     29.7320432
     1.5333333     29.7320432
     1.5600000     29.7320432
     1.5866667     29.7320432
     1.6133333     29.7320432
     1.6400000     29.7320432
     1.6666667     29.7320432
     1.6933333     29.7320432
     1.7200000     29.7320432
     1.7466667     29.7320432
     1.7733333     29.7320432
     1.8000000     24.7767027
     1.8266667     29.7320432
     1.8533333     29.7320432
     1.8800000     29.7320432
     1.9066667     29.7320432
     1.9333333     24.7767027
     1.9600000     29.7320432
     1.9866667     29.7320432
     2.0133333     29.7320432
     2.0400000     29.7320432
     2.0666667     29.7320432
     2.0933333     29.7320432
     2.1200000     24.7767027
     2.1466667     34.6873838
     2.1733333     29.7320432
     2.2000000     24.7767027
     2.2266667     24.7767027
     2.2533333     29.7320432
     2.2800000     29.7320432
     2.3066667     29.7320432
     2.3333333     34.6873838
     2.3600000     34.6873838
     2.3866667     29.7320432
     2.4133333     24.7767027
     2.4400000     29.7320432
     2.4666667     24.7767027
     2.4933333     29.7320432
     2.5200000     24.7767027
     2.5466667     29.7320432
     2.5733333     34.6873838
     2.6000000      6.9256069
     2.6266667      6.2049169
     2.6533333      4.5926524
     2.6800000      1.1505090
     2.7066667      0.0128854
     2.7333333     -0.6376026
     2.7600000     -1.0383182
     2.7866667     -1.4747266
     2.8133333     -1.7020918
     2.8400000     -2.0641481
     2.8666667     -1.9946400
     2.8933333     -2.1551484
     2.9200000     -2.0959278
     2.9466667     -2.0882453
     2.9733333     -2.0349360
     3.0000000     -1.6729441
     3.0266667     -1.5369208
     3.0533333     -1.2043124
     3.0800000     -1.1974298
     3.1066667     -0.8674884
     3.1333333     -0.5753473
     3.1600000      0.0833425
     3.1866667      0.5102470
     3.2133333      0.8187271
     3.2400000      1.0520042
     3.2666667      1.0900514
     3.2933333      1.0376713
     3.3200000      1.3222960
     3.3466667      1.7387044
     3.3733333      2.4260129
     3.4000000      2.2361590
     3.4266667      2.2850205
     3.4533333      2.3565619
     3.4800000      2.3473423
     3.5066667      2.1634895
     3.5333333      2.2159166
     3.5600000      2.2647466
     3.5866667      2.8427989
     3.6133333      3.4444674
     3.6400000      3.5817127
     3.6666667      3.6875536
     3.6933333      3.5350540
     3.7200000      3.4251490
     3.7466667      3.1084299
     3.7733333      3.0044169
     3.8000000      3.4719312
     3.8266667      3.2816604
     3.8533333      3.5820619
     3.8800000      3.4244625
     3.9066667      3.4738834
     3.9333333      3.8368697
     3.9600000      3.3720677
     3.9866667      3.0478089
     4.0133333      2.8957979
     4.0400000      2.8979088
     4.0666667      2.7070418
     4.0933333      2.8640478
     4.1200000      2.2783721
     4.1466667      2.2254984
     4.1733333      2.1841260
     4.2000000      1.9317521
     4.2266667      1.5604164
     4.2533333      1.6314905
     4.2800000      1.2891665
     4.3066667      1.0027953
     4.3333333      0.7080571
     4.3600000      0.4641466
     4.3866667      0.3402495
     4.4133333      0.3239065
     4.4400000      0.0682444
     4.4666667      0.0584933
     4.4933333     -0.1298931
     4.5200000     -0.1180878
     4.5466667     -0.2846899
     4.5733333     -0.4844453
     4.6000000     -0.6885579
     4.6266667     -0.7777688
     4.6533333     -0.8109137
     4.6800000     -0.8197915
     4.7066667     -0.8759758
     4.7333333     -0.9627238
     4.7600000     -1.0459918
     4.7866667     -1.1021052
     4.8133333     -1.1157029
     4.8400000     -1.1796615
     4.8666667     -1.1683759
     4.8933333     -1.1990383
     4.9200000     -1.2487919
     4.9466667     -1.2836296
     4.9733333     -1.2809250
     5.0000000     -1.3363158
     5.0266667     -1.3293396
     5.0533333     -1.3799984
     5.0800000     -1.4116580
     5.1066667     -1.4118802
     5.1333333     -1.4273746
     5.1600000     -1.4171671
     5.1866667     -1.4196332
     5.2133333     -1.3876045
     5.2400000     -1.4020763
     5.2666667     -1.4308890
     5.2933333     -1.3842753
     5.3200000     -1.3547539
     5.3466667     -1.3394528
     5.3733333     -1.3090071
     5.4000000     -1.3356034
     5.4266667     -1.2858617
     5.4533333     -1.2830782
     5.4800000     -1.2738039
     5.5066667     -1.2449869
     5.5333333     -1.1369949
     5.5600000     -1.0312186
     5.5866667     -0.9302389
     5.6133333     -0.8137715
     5.6400000     -0.7603864
     5.6666667     -0.6057940
     5.6933333     -0.5830660
     5.7200000     -0.5283912
     5.7466667     -0.4786879
     5.7733333     -0.5258453
     5.8000000     -0.4119389
     5.8266667     -0.2523762
     5.8533333     -0.1443321
     5.8800000      0.0763664
     5.9066667      0.1013759
     5.9333333      0.1445174
     5.9600000      0.0923240
     5.9866667      0.1026471
     6.0133333      0.0584451
     6.0400000     -0.0610177
     6.0666667     -0.0921598
     6.0933333     -0.1224646
     6.1200000     -0.1233127
     6.1466667     -0.0689829
     6.1733333      0.0610154
     6.2000000      0.2169752
     6.2266667      0.2174455
     6.2533333      0.2118965
     6.2800000      0.1683281
     6.3066667      0.1138485
     6.3333333      0.1010353
     6.3600000      0.0319803
     6.3866667     -0.0423396
     6.4133333     -0.0285884
     6.4400000     -0.0912175
     6.4666667     -0.1389378
     6.4933333     -0.1701201
     6.5200000     -0.2566564
     6.5466667     -0.2292868
     6.5733333     -0.2611939
     6.6000000     -0.2483949
     6.6266667     -0.1636509
     6.6533333     -0.1131915
     6.6800000     -0.1149683
     6.7066667     -0.0962921
     6.7333333     -0.1683223
     6.7600000     -0.2989462
     6.7866667     -0.3689163
     6.8133333     -0.3880636
     6.8400000     -0.4164597
     6.8666667     -0.4599398
     6.8933333     -0.4640170
     6.9200000     -0.5482516
     6.9466667     -0.5514627
     6.9733333     -0.6259141
     7.0000000     -0.6693104
     7.0266667     -0.5849885
     7.0533333     -0.5444729
     7.0800000     -0.5050652
     7.1066667     -0.4810217
     7.1333333     -0.4342218
     7.1600000     -0.3450319
     7.1866667     -0.3844115
     7.2133333     -0.3728493
     7.2400000     -0.4137277
     7.2666667     -0.4377723
     7.2933333     -0.4238216
     7.3200000     -0.4950571
     7.3466667     -0.4831607
     7.3733333     -0.4488500
     7.4000000     -0.4549279
     7.4266667     -0.4910393
     7.4533333     -0.4530598
     7.4800000     -0.4954206
     7.5066667     -0.4680169
     7.5333333     -0.5032699
     7.5600000     -0.4781889
     7.5866667     -0.4730043
     7.6133333     -0.4814276
     7.6400000     -0.4509445
     7.6666667     -0.4056565
     7.6933333     -0.4338802
     7.7200000     -0.4289991
     7.7466667     -0.3897429
     7.7733333     -0.3681572
     7.8000000     -0.3295006
     7.8266667     -0.2891758
     7.8533333     -0.2807130
     7.8800000     -0.2931574
     7.9066667     -0.3609243
     7.9333333     -0.3899920
     7.9600000     -0.3643228
     7.9866667     -0.4124472
     8.0133333     -0.3671134
     8.0400000     -0.3191203
     8.0666667     -0.2634168
     8.0933333     -0.2128313
     8.1200000     -0.2169931
     8.1466667     -0.2084796
     8.1733333     -0.2053113
     8.2000000     -0.3060784
     8.2266667     -0.3034543
     8.2533333     -0.2578318
     8.2800000     -0.1551973
     8.3066667     -0.0612625
     8.3333333     -0.0590081
     8.3600000     -0.0039783
     8.3866667     -0.0421399
     8.4133333     -0.0578501
     8.4400000     -0.1094028
     8.4666667     -0.0775156
     8.4933333     -0.0667642
     8.5200000     -0.0795283
     8.5466667     -0.0766976
     8.5733333     -0.0686407
     8.6000000     -0.0902565
     8.6266667     -0.1115616
     8.6533333     -0.1133487
     8.6800000     -0.1289543
     8.7066667     -0.1007586
     8.7333333     -0.0510942
     8.7600000     -0.0497759
     8.7866667     -0.0210733
     8.8133333     -0.0846665
     8.8400000     -0.0902591
     8.8666667     -0.1253190
     8.8933333     -0.1467260
     8.9200000     -0.1863935
     8.9466667     -0.1874746
     8.9733333     -0.1744031
     9.0000000     -0.1555317
     9.0266667     -0.1702107
     9.0533333     -0.1649840
     9.0800000     -0.1453744
     9.1066667     -0.0865173
     9.1333333     -0.1089694
     9.1600000     -0.1229623
     9.1866667     -0.0937587
     9.2133333     -0.0500521
     9.2400000     -0.1031124
     9.2666667     -0.1686324
     9.2933333     -0.2071615
     9.3200000     -0.2336130
     9.3466667     -0.2573036
     9.3733333     -0.2896950
     9.4000000     -0.2328073
     9.4266667     -0.1156549
     9.4533333     -0.1833262
     9.4800000     -0.1943477
     9.5066667     -0.1562196
     9.5333333     -0.1971365
     9.5600000     -0.1923581
     9.5866667     -0.1885271
     9.6133333     -0.1171706
     9.6400000     -0.0740903
     9.6666667     -0.0693404
     9.6933333     -0.1169250
     9.7200000     -0.1116165
     9.7466667     -0.1296323
     9.7733333     -0.1336906
     9.8000000     -0.1072762
     9.8266667     -0.0959013
     9.8533333     -0.0955080
     9.8800000     -0.0800182
     9.9066667     -0.1038482
     9.9333333     -0.1385203
     9.9600000     -0.1518205
     9.9866667     -0.1371985
    10.0133333     -0.1289647
    10.0400000     -0.1204245
    10.0666667     -0.1225894
    10.0933333     -0.1015546
    10.1200000     -0.0815428
    10.1466667     -0.1222293
    10.1733333     -0.1173091
    10.2000000     -0.0852780
    10.2266667     -0.0435245
    10.2533333     -0.0511042
    10.2800000     -0.0875795
    10.3066667     -0.0481221
    10.3333333     -0.0811495
    10.3600000     -0.1234180
    10.3866667     -0.1171244
    10.4133333     -0.0826772
    10.4400000     -0.0885990
    10.4666667     -0.0625319
    10.4933333     -0.0813806
    10.5200000     -0.0491064
    10.5466667     -0.0736239
    10.5733333     -0.0926925
    10.6000000     -0.0789605
    10.6266667     -0.0063201
    10.6533333     -0.0125869
    10.6800000      0.0010995
    10.7066667     -0.0208257
    10.7333333     -0.0195519
    10.7600000     -0.0863312
    10.7866667     -0.0637611
    10.8133333     -0.0939926
    10.8400000     -0.0824269
    10.8666667     -0.0777566
    10.8933333     -0.0774856
    10.9200000     -0.0930105
    10.9466667     -0.0934273
    10.9733333     -0.0542131
    11.0000000     -0.0573032
    11.0266667     -0.0671403
    11.0533333     -0.0449884
    11.0800000     -0.0497802
    11.1066667     -0.0580346
    11.1333333     -0.1139102
    11.1600000     -0.1051581
    11.1866667     -0.0637735
    11.2133333     -0.0765713
    11.2400000     -0.1195147
    11.2666667     -0.1280242
    11.2933333     -0.0685176
    11.3200000     -0.0538910
    11.3466667     -0.0295256
    11.3733333     -0.0288812
    11.4000000     -0.0445110
    11.4266667     -0.0667723
    11.4533333     -0.1106999
    11.4800000     -0.1529565
    11.5066667     -0.0925578
    11.5333333     -0.0809635
    11.5600000     -0.0584059
    11.5866667     -0.0556412
    11.6133333     -0.0744289
    11.6400000     -0.0479131
    11.6666667     -0.0379109
    11.6933333     -0.0344368
    11.7200000     -0.0410389
    11.7466667     -0.0105532
    11.7733333     -0.0035763
    11.8000000     -0.0203140
    11.8266667     -0.0845002
    11.8533333     -0.0763787
    11.8800000     -0.0888284
    11.9066667     -0.1296098
    11.9333333     -0.1557107
    11.9600000     -0.1502344
    11.9866667     -0.1251295
    12.0133333     -0.1137138
    12.0400000     -0.1043749
    12.0666667     -0.1054524
    12.0933333     -0.0902458
    12.1200000     -0.0777505
    12.1466667     -0.0340351
    12.1733333     -0.0107576
    12.2000000     -0.0048795
    12.2266667      0.0192889
    12.2533333      0.0403493
    12.2800000      0.0580429
    12.3066667      0.0024489
    12.3333333     -0.0367971
    12.3600000     -0.0262101
    12.3866667     -0.0424403
    12.4133333     -0.0730917
    12.4400000     -0.1482170
    12.4666667     -0.0744388
    12.4933333     -0.0190209
    12.5200000     -0.0508115
    12.5466667      0.0086552
    12.5733333      0.0178758
    12.6000000      0.0589147
    12.6266667      0.0400418
    12.6533333     -0.0108927
    12.6800000      0.0048370
    12.7066667      0.0212110
    12.7333333      0.0428791
    12.7600000     -0.0034858
    12.7866667      0.0289580
    12.8133333     -0.0279455
    12.8400000     -0.0097408
    12.8666667     -0.0284183
    12.8933333      0.0036728
    12.9200000     -0.0018183
    12.9466667     -0.0015946
    12.9733333     -0.0143594
    13.0000000     -0.0250875
    13.0266667     -0.0748624
    13.0533333     -0.0743195
    13.0800000     -0.0448407
    13.1066667     -0.0551051
    13.1333333      0.0211489
    13.1600000     -0.0047588
    13.1866667      0.0196234
    13.2133333      0.0204667
    13.2400000     -0.0342257
    13.2666667     -0.0822448
    13.2933333     -0.0816142
    13.3200000     -0.0998586
    13.3466667     -0.0338436
    13.3733333     -0.0257373
    13.4000000     -0.0419322
    13.4266667     -0.0554874
    13.4533333     -0.0654104
    13.4800000     -0.0462486
    13.5066667     -0.0711191
    13.5333333     -0.0558131
    13.5600000     -0.0649221
    13.5866667     -0.0120774
    13.6133333      0.0119373
    13.6400000     -0.0034757
    13.6666667      0.0245372
    13.6933333      0.0128523
    13.7200000      0.0061869
    13.7466667     -0.0029333
    13.7733333     -0.0201368
    13.8000000     -0.0274609
    13.8266667     -0.0553830
    13.8533333     -0.0651588
    13.8800000     -0.0634419
    13.9066667     -0.0451996
    13.9333333     -0.0405456
    13.9600000     -0.0333039
    13.9866667     -0.0052644
    14.0133333      0.0151427
    14.0400000      0.0070970
    14.0666667     -0.0417879
    14.0933333     -0.0379694
    14.1200000     -0.0502592
    14.1466667     -0.0442312
    14.1733333     -0.0355679
    14.2000000     -0.0555526
    14.2266667     -0.0198758
    14.2533333     -0.0162672
    14.2800000     -0.0471811
    14.3066667     -0.0289205
    14.3333333     -0.0550147
    14.3600000     -0.0884933
    14.3866667     -0.0769999
    14.4133333     -0.0765427
    14.4400000     -0.0604409
    14.4666667     -0.0283611
    14.4933333     -0.0429496
    14.5200000     -0.0208616
    14.5466667     -0.0062493
    14.5733333     -0.0467454
    14.6000000     -0.0280915
    14.6266667     -0.0480050
    14.6533333     -0.0630365
    14.6800000     -0.0614888
    14.7066667     -0.0529277
    14.7333333      0.0135221
    14.7600000      0.0199846
    14.7866667      0.0281321
    14.8133333      0.0185935
    14.8400000     -0.0087309
    14.8666667      0.0020726
    14.8933333      0.0278411
    14.9200000      0.0291365
    14.9466667      0.0297355
    14.9733333     -0.0047864
    15.0000000     -0.0291474
    15.0266667     -0.0350698
    15.0533333      0.0043330
    15.0800000      0.0438596
    15.1066667      0.0886683
    15.1333333      0.0784699
    15.1600000      0.0621845
    15.1866667      0.0584701
    15.2133333     -0.0571007
    15.2400000     -0.0596155
    15.2666667     -0.0501567
    15.2933333     -0.0184744
    15.3200000     -0.0377185
    15.3466667     -0.0614443
    15.3733333     -0.0492875
    15.4000000     -0.0357400
    15.4266667     -0.0518841
    15.4533333     -0.0479983
    15.4800000      0.0194737
    15.5066667      0.0307031
    15.5333333     -0.0137205
    15.5600000     -0.0124239
    15.5866667     -0.0167452
    15.6133333     -0.0134053
    15.6400000     -0.0013933
    15.6666667     -0.0126842
    15.6933333      0.0146532
    15.7200000      0.0222449
    15.7466667      0.0276107
    15.7733333      0.0080811
    15.8000000     -0.0081883
    15.8266667     -0.0134904
    15.8533333     -0.0601907
    15.8800000     -0.1151732
    15.9066667     -0.1624383
    15.9333333     -0.2001908
    15.9600000     -0.2026370
    15.9866667     -0.1669794