# &RDF
# Name=Na-Cl
# Type=NB
# Min=2.6299928571428572
# Max=15.712521428571428
# NPoints=292
# AtomTypes=Na, Cl
# &Table
 2.5850357  0.1647783
 2.6299929  0.9551586
 2.6749500  2.0005330
 2.7199071  1.7861056
 2.7648643  3.6010300
 2.8098214  4.6024722
 2.8547786  4.0533244
 2.8997357  1.5714467
 2.9446929  2.7936898
 2.9896500  1.8479334
 3.0346071  1.1957243
 3.0795643  0.5805340
 3.1245214  0.9023176
 3.1694786  0.6576764
 3.2144357  0.4262725
 3.2593929  0.2072973
 3.3043500  0.2016950
 3.3493071  0.0981584
 3.3942643  0.0955754
 3.4392214  0.1861862
 3.4841786  0.1814125
 3.5291357  0.0884100
 3.5740929  0.1723997
 3.6190500  0.1681432
 3.6640071  0.2460635
 3.7089643  0.2401345
 3.7539214  0.0781391
 3.7988786  0.0763006
 3.8438357  0.2235788
 3.8887929  0.2184393
 3.9337500  0.1423166
 3.9787071  0.2782373
 4.0236643  0.3400681
 4.0686214  0.2660755
 4.1135786  0.4555102
 4.1585357  0.7640822
 4.2034929  0.5608693
 4.2484500  0.7320826
 4.2934071  0.8960393
 4.3383643  0.9945736
 4.3833214  1.3181394
 4.4282786  1.4038165
 4.4732357  1.9810672
 4.5181929  1.7260795
 4.5631500  1.6922359
 4.6081071  2.1779337
 4.6530643  2.4412018
 4.6980214  2.6940422
 4.7429786  2.4963676
 4.7879357  2.8820093
 4.8328929  2.5929202
 4.8778500  2.5453451
 4.9228071  2.4536298
 4.9677643  2.7217538
 5.0127214  3.3304850
 5.0576786  2.9702138
 5.1026357  2.8335234
 5.1475929  2.5349105
 5.1925500  2.0828118
 5.2375071  2.8500361
 5.2824643  3.2358027
 5.3274214  2.7546448
 5.3723786  2.5561303
 5.4173357  2.9266079
 5.4622929  2.1405211
 5.5072500  1.9604948
 5.5522071  2.2503537
 5.5971643  1.8980133
 5.6421214  1.2452578
 5.6870786  1.8044260
 5.7320357  1.3070390
 5.7769929  0.9568329
 5.8219500  1.1695191
 5.8669071  1.7594870
 5.9118643  0.8821673
 5.9568214  0.9930307
 6.0017786  0.9476406
 6.0467357  1.2949960
 6.0916929  1.2462789
 6.1366500  1.0234045
 6.1816071  1.3543692
 6.2265643  0.8236507
 6.2715214  1.0358526
 6.3164786  0.9107643
 6.3614357  1.1156185
 6.4063929  1.1268453
 6.4513500  1.5345073
 6.4963071  1.1219605
 6.5412643  1.4154076
 6.5862214  1.3961507
 6.6311786  0.9515781
 6.6761357  1.3093865
 6.7210929  0.9262882
 6.7660500  1.6115609
 6.8110071  1.5191465
 6.8559643  1.3821567
 6.9009214  1.2023519
 6.9458786  1.4835473
 6.9908357  1.5546525
 7.0357929  1.4013832
 7.0807500  1.3177566
 7.1257071  1.4963585
 7.1706643  1.2849167
 7.2156214  1.3958508
 7.2605786  1.1906249
 7.3055357  1.3204392
 7.3504929  1.3654772
 7.3954500  1.3690594
 7.4404071  1.0939863
 7.4853643  1.1594947
 7.5303214  1.4952243
 7.5752786  1.2088878
 7.6202357  1.4601470
 7.6651929  1.3681048
 7.7101500  1.3336736
 7.7551071  1.4464193
 7.8000643  0.7420450
 7.8450214  1.0198336
 7.8899786  1.2912608
 7.9349357  1.1017841
 7.9798929  0.8991911
 8.0248500  1.2653209
 8.0698071  1.2681708
 8.1147643  1.2039917
 8.1597214  1.0584544
 8.2046786  1.0468867
 8.2496357  1.1164066
 8.2945929  1.0723277
 8.3395500  1.1874598
 8.3845071  1.1590963
 8.4294643  0.9453068
 8.4744214  0.9353037
 8.5193786  0.8799441
 8.5643357  1.1409567
 8.6092929  1.1439281
 8.6542500  1.1320740
 8.6992071  1.0039977
 8.7441643  0.8928902
 8.7891214  1.1261057
 8.8340786  1.0723439
 8.8790357  1.3129230
 8.9239929  1.4933044
 8.9689500  1.1361559
 9.0139071  1.0435364
 9.0588643  0.9929497
 9.1038214  0.9964531
 9.1487786  1.2366440
 9.1937357  1.1073323
 9.2386929  1.1610864
 9.2836500  1.1115393
 9.3286071  1.1135050
 9.3735643  1.2908352
 9.4185214  1.1792374
 9.4634786  0.9098572
 9.5084357  1.0474262
 9.5533929  1.0496563
 9.5983500  1.1354646
 9.6433071  1.2077897
 9.6882643  1.2435323
 9.7332214  1.0577215
 9.7781786  0.9443676
 9.8231357  1.0726814
 9.8680929  1.0290065
 9.9130500  1.1093378
 9.9580071  0.9771945
10.0029643  0.9684305
10.0479214  1.0906634
10.0928786  1.0161106
10.1378357  1.0071185
10.1827929  1.2424968
10.2277500  1.0105418
10.2727071  1.2521451
10.3176643  1.0654123
10.3626214  1.1587305
10.4075786  0.8031025
10.4525357  0.9977808
10.4974929  0.9892528
10.5424500  0.9412040
10.5874071  1.0314623
10.6323643  1.0422391
10.6773214  1.1397266
10.7222786  0.8715865
10.7672357  1.1682613
10.8121929  0.9042468
10.8571500  1.0368946
10.9021071  0.8893929
10.9470643  0.9004800
10.9920214  0.8931292
11.0369786  1.0576179
11.0819357  1.0042229
11.1268929  1.0139123
11.1718500  1.1116388
11.2168071  0.9364587
11.2617643  0.8074459
11.3067214  0.9905304
11.3516786  0.9314289
11.3966357  0.9749624
11.4415929  0.9252585
11.4865500  1.1099817
11.5315071  1.0185359
11.5764643  0.9695574
11.6214214  1.1577459
11.6663786  1.0193934
11.7113357  1.0918663
11.7562929  0.9162214
11.8012500  1.0990114
11.8462071  0.9415991
11.8911643  0.9812173
11.9361214  0.8501776
11.9810786  0.8054543
12.0260357  0.9669459
12.0709929  0.8388425
12.1159500  0.7726196
12.1609071  0.8860505
12.2058643  0.9017086
12.2508214  0.8730920
12.2957786  1.0342362
12.3407357  0.8821068
12.3856929  1.0551645
12.4306500  1.0831769
12.4756071  1.1461332
12.5205643  1.0325545
12.5655214  0.9972831
12.6104786  1.0871263
12.6554357  0.8525325
12.7003929  0.9284277
12.7453500  0.9761183
12.7903071  1.0500407
12.8352643  0.9959101
12.8802214  1.1416298
12.9251786  0.9293718
12.9701357  0.9098489
13.0150929  1.0010821
13.0600500  0.7747027
13.1050071  0.9745690
13.1499643  1.0761705
13.1949214  1.0182532
13.2398786  0.9359697
13.2848357  1.0232341
13.3297929  0.9977520
13.3747500  0.8740988
13.4197071  0.9416254
13.4646643  0.8381689
13.5096214  1.0377330
13.5545786  1.0008937
13.5995357  0.9942872
13.6444929  0.9700019
13.6894500  1.0400275
13.7344071  1.0040426
13.7793643  0.9395074
13.8243214  1.1350687
13.8692786  0.9159163
13.9142357  1.0180706
13.9591929  0.9324099
14.0041500  0.8478265
14.0491071  0.9874597
14.0940643  0.9811702
14.1390214  1.0630708
14.1839786  1.0070830
14.2289357  1.0442391
14.2738929  0.8863445
14.3188500  0.9506060
14.3638071  0.8859568
14.4087643  0.8592215
14.4537214  0.9909279
14.4986786  0.9533626
14.5436357  1.1400968
14.5885929  0.9468210
14.6335500  0.9872916
14.6785071  1.0119173
14.7234643  0.9041565
14.7684214  1.0753629
14.8133786  1.0136470
14.8583357  0.9327062
14.9032929  0.9320452
14.9482500  0.8426729
14.9932071  0.8425253
15.0381643  0.7595888
15.0831214  0.9583549
15.1280786  1.0777650
15.1730357  1.0379069
15.2179929  0.9699716
15.2629500  0.9359052
15.3079071  0.9116197
15.3528643  0.8922739
15.3978214  0.9846025
15.4427786  0.9834954
15.4877357  0.9410694
15.5326929  0.8854251
15.5776500  0.9801522
15.6226071  0.8707509
15.6675643  1.0003352
15.7125214  1.0436809
# &EndTable
# &ENDRDF
