# &RDF
# Name=Na-Na
# Type=NB
# Min=3.1694785714285714
# Max=15.712521428571428
# NPoints=278
# AtomTypes=Na, Na
# &Table
 3.1694786  0.4406470
 3.2144357  0.4801467
 3.2593929  0.4826699
 3.3043500  0.4641138
 3.3493071  0.4403760
 3.3942643  0.4273541
 3.4392214  0.5272836
 3.4841786  0.6075346
 3.5291357  0.6530927
 3.5740929  0.7885347
 3.6190500  0.7660373
 3.6640071  0.8964703
 3.7089643  0.9560684
 3.7539214  0.8889260
 3.7988786  0.8044439
 3.8438357  0.6976008
 3.8887929  0.6390904
 3.9337500  0.6105053
 3.9787071  0.5187141
 4.0236643  0.4796146
 4.0686214  0.4226709
 4.1135786  0.4464774
 4.1585357  0.4349259
 4.2034929  0.3860282
 4.2934071  0.3272571
 4.3383643  0.2726838
 4.3833214  0.2458046
 4.4282786  0.2188210
 4.4732357  0.2046926
 4.5181929  0.2760433
 4.5631500  0.3083909
 4.6081071  0.3136717
 4.6980214  0.2953039
 4.7429786  0.2897846
 4.7879357  0.2609480
 4.8328929  0.2327787
 4.8778500  0.2032435
 4.9228071  0.1721299
 4.9677643  0.2615052
 5.0127214  0.3024692
 5.0576786  0.3188785
 5.1026357  0.3456058
 5.1475929  0.3607101
 5.1925500  0.3644615
 5.2375071  0.3564201
 5.2824643  0.4039330
 5.3274214  0.4369898
 5.3723786  0.5437645
 5.4173357  0.6581715
 5.4622929  0.6236550
 5.5072500  0.6543727
 5.5522071  0.6928334
 5.5971643  0.6585415
 5.6421214  0.6263223
 5.6870786  0.5471845
 5.7320357  0.6430920
 5.7769929  0.6998946
 5.8219500  0.8269254
 5.8669071  0.8388544
 5.9118643  0.8571229
 5.9568214  0.9930817
 6.0017786  1.0584301
 6.0467357  0.9734305
 6.0916929  0.8610689
 6.1366500  0.7394208
 6.1816071  0.7845153
 6.2265643  0.7533388
 6.2715214  0.7651556
 6.3164786  0.7630337
 6.3614357  0.7973946
 6.4063929  0.8546404
 6.4513500  0.8570970
 6.4963071  0.7814328
 6.5412643  0.7520024
 6.5862214  0.7463073
 6.6311786  0.7385989
 6.6761357  0.6809411
 6.7210929  0.6386266
 6.7660500  0.5862381
 6.8110071  0.5149466
 6.8559643  0.4954722
 6.9009214  0.4993481
 6.9458786  0.5553531
 6.9908357  0.6595910
 7.0357929  0.6655842
 7.0807500  0.7135123
 7.1257071  0.6982828
 7.1706643  0.6950699
 7.2156214  0.6856146
 7.2605786  0.7175298
 7.3055357  0.7356616
 7.3504929  0.7659548
 7.3954500  0.7800043
 7.4404071  0.7643252
 7.4853643  0.7089742
 7.5303214  0.6930889
 7.5752786  0.6752381
 7.6202357  0.6654678
 7.6651929  0.6855847
 7.7101500  0.7265623
 7.7551071  0.7526956
 7.8000643  0.8254213
 7.8450214  0.7727356
 7.8899786  0.7737921
 7.9349357  0.7993020
 7.9798929  0.8037894
 8.0248500  0.8624632
 8.0698071  0.8756198
 8.1147643  0.8445280
 8.1597214  0.8408179
 8.2046786  0.8174767
 8.2496357  0.8130009
 8.2945929  0.7490573
 8.3395500  0.7440305
 8.3845071  0.7281117
 8.4294643  0.7578399
 8.4744214  0.7995670
 8.5193786  0.7799508
 8.5643357  0.7386952
 8.6092929  0.7388001
 8.6542500  0.7242526
 8.6992071  0.6877075
 8.7441643  0.7138620
 8.7891214  0.7218093
 8.8340786  0.6889263
 8.8790357  0.7453816
 8.9239929  0.7618624
 8.9689500  0.7750124
 9.0139071  0.8060578
 9.0588643  0.8684756
 9.1038214  0.9117449
 9.1487786  0.8986592
 9.1937357  0.8884313
 9.2386929  0.8032943
 9.2836500  0.7276158
 9.3286071  0.7035547
 9.3735643  0.6981467
 9.4185214  0.7421709
 9.4634786  0.8075411
 9.5084357  0.8799356
 9.5533929  0.9361814
 9.5983500  0.9111350
 9.6433071  0.8457626
 9.6882643  0.8097224
 9.7332214  0.8160491
 9.7781786  0.8006469
 9.8231357  0.8034566
 9.8680929  0.8129518
 9.9130500  0.8290049
 9.9580071  0.8187650
10.0029643  0.8721698
10.0479214  0.8973305
10.0928786  0.8855610
10.1378357  0.9045872
10.1827929  0.9426738
10.2277500  0.9653389
10.2727071  0.9763390
10.3176643  0.9661482
10.3626214  0.9175961
10.4075786  0.9095052
10.4525357  0.8948070
10.4974929  0.9011652
10.5424500  0.8749846
10.5874071  0.8667214
10.6323643  0.8649372
10.6773214  0.8682317
10.7222786  0.8977688
10.7672357  0.8999415
10.8121929  0.8813612
10.8571500  0.8858746
10.9021071  0.8916691
10.9470643  0.8871073
10.9920214  0.8728143
11.0369786  0.8272261
11.0819357  0.7977120
11.1268929  0.8149375
11.1718500  0.8475597
11.2168071  0.8385185
11.2617643  0.8233868
11.3067214  0.8171687
11.3516786  0.8205515
11.3966357  0.7610036
11.4415929  0.7649095
11.4865500  0.7548898
11.5315071  0.8007137
11.5764643  0.8723615
11.6214214  0.8925940
11.6663786  0.9247140
11.7113357  0.9540365
11.7562929  0.9660381
11.8012500  0.9653396
11.8462071  0.9503010
11.8911643  0.9312540
11.9361214  0.9047493
11.9810786  0.8711928
12.0260357  0.8889127
12.0709929  0.8660494
12.1159500  0.8755049
12.1609071  0.8923719
12.2058643  0.9019067
12.2508214  0.9262454
12.2957786  0.9447870
12.3407357  0.9346455
12.3856929  0.9112171
12.4306500  0.8680902
12.4756071  0.9045628
12.5205643  0.9338227
12.5655214  0.9477260
12.6104786  0.9469895
12.6554357  0.9236636
12.7003929  0.9366225
12.7453500  0.9312955
12.7903071  0.9260639
12.8352643  0.8764281
12.8802214  0.8686365
12.9251786  0.9147348
12.9701357  0.9547277
13.0150929  0.9594456
13.0600500  0.9228654
13.1050071  0.9295857
13.1499643  0.9644764
13.1949214  0.9534169
13.2398786  0.9966570
13.2848357  0.9984331
13.3297929  1.0270999
13.3747500  1.0338408
13.4197071  1.0066189
13.4646643  0.9430046
13.5096214  0.8939457
13.5545786  0.8748931
13.5995357  0.8493027
13.6444929  0.8009727
13.6894500  0.8168400
13.7344071  0.8452336
13.7793643  0.8708427
13.8243214  0.8893891
13.8692786  0.9113489
13.9142357  0.9231584
13.9591929  0.9378956
14.0041500  0.9539741
14.0491071  0.9650084
14.0940643  0.9641283
14.1390214  0.9759207
14.1839786  0.9798330
14.2289357  0.9667146
14.2738929  0.9679580
14.3188500  0.9690992
14.3638071  0.9717925
14.4087643  0.9881762
14.4537214  1.0319776
14.4986786  1.0420376
14.5436357  1.0366921
14.5885929  1.0150488
14.6335500  0.9827586
14.6785071  0.9584137
14.7234643  0.9087725
14.7684214  0.8701553
14.8133786  0.8503247
14.8583357  0.8540104
14.9032929  0.8663441
14.9482500  0.8523460
14.9932071  0.8814251
15.0381643  0.9177496
15.0831214  0.9259952
15.1280786  0.9504967
15.1730357  0.9296506
15.2179929  0.9349799
15.2629500  0.9370514
15.3079071  0.9479895
15.3528643  0.9477536
15.3978214  0.9148861
15.4427786  0.9197731
15.4877357  0.9356028
15.5326929  0.9223866
15.5776500  0.9198249
15.6226071  0.9368717
15.6675643  0.9824807
15.7125214  1.0656058
# &EndTable
# &ENDRDF
