# &RDF
# Name=Na-Na
# Type=NB
# Min=3.1694785714285714
# Max=15.712521428571428
# NPoints=278
# AtomTypes=Na, Na
# &Table
 3.1694786  0.6576764
 3.2144357  0.2131363
 3.2593929  0.2072973
 3.3043500  0.8067800
 3.3493071  0.1963168
 3.3942643  0.9557543
 3.4392214  0.3723724
 3.4841786  0.1814125
 3.5291357  0.7072799
 3.5740929  0.6895989
 3.6190500  1.1770021
 3.6640071  0.9842538
 3.7089643  0.8004484
 3.7539214  0.7813910
 3.7988786  0.6104049
 3.8438357  1.0433677
 3.8887929  0.7281309
 3.9337500  0.4269499
 3.9787071  0.4173560
 4.0236643  0.5441090
 4.0686214  0.3991133
 4.1135786  0.5205830
 4.1585357  0.2546941
 4.2034929  0.6231881
 4.2934071  0.3584157
 4.3383643  0.2340173
 4.3833214  0.1146208
 4.4282786  0.2246106
 4.4732357  0.2201186
 4.5181929  0.2157599
 4.5631500  0.4230590
 4.6081071  0.2074223
 4.6980214  0.4988967
 4.7429786  0.2936903
 4.7879357  0.0960670
 4.8328929  0.1885760
 4.8778500  0.2776740
 4.9228071  0.2726255
 4.9677643  0.1784757
 5.0127214  0.2629330
 5.0576786  0.1721863
 5.1026357  0.5074967
 5.1475929  0.5817827
 5.1925500  0.1633578
 5.2375071  0.4014135
 5.2824643  0.3946101
 5.3274214  0.3103825
 5.3723786  0.4578144
 5.4173357  0.6753711
 5.4622929  0.8857329
 5.5072500  0.7261092
 5.5522071  0.7143980
 5.5971643  0.4217807
 5.6421214  0.3459050
 5.6870786  0.9532817
 5.7320357  0.7373040
 5.7769929  0.5279078
 5.8219500  0.7147061
 5.8669071  0.6398135
 5.9118643  1.3862629
 5.9568214  0.7447731
 6.0017786  1.1004859
 6.0467357  0.7227884
 6.0916929  1.2462789
 6.1366500  0.9941644
 6.1816071  0.4610619
 6.2265643  0.3408210
 6.2715214  0.7838885
 6.3164786  1.0487589
 6.3614357  1.0339879
 6.4063929  0.7512302
 6.4513500  0.7407966
 6.4963071  0.8349473
 6.5412643  0.5146937
 6.5862214  0.8630749
 6.6311786  0.8514120
 6.6761357  0.6917513
 6.7210929  0.7312801
 6.7660500  0.4810630
 6.8110071  0.4272600
 6.8559643  0.4685277
 6.9009214  0.6011759
 6.9458786  0.4564761
 6.9908357  0.7209983
 7.0357929  0.6228370
 7.0807500  0.7028035
 7.1257071  0.9108269
 7.1706643  0.6852889
 7.2156214  0.4229851
 7.2605786  0.9190788
 7.3055357  0.4951647
 7.3504929  0.8152103
 7.3954500  0.9261284
 7.4404071  0.8354078
 7.4853643  0.7467932
 7.5303214  0.6602289
 7.5752786  0.4221513
 7.6202357  0.6826661
 7.6651929  0.7871288
 7.7101500  0.7038833
 7.7551071  0.9886917
 7.8000643  0.6153544
 7.8450214  0.7514564
 7.8899786  0.8136712
 7.9349357  0.7695000
 7.9798929  0.9683597
 8.0248500  0.5471658
 8.0698071  1.0483546
 8.1147643  0.9029938
 8.1597214  0.8269175
 8.2046786  0.8505954
 8.2496357  0.7766307
 8.2945929  0.6081859
 8.3395500  0.8866366
 8.3845071  0.7205194
 8.4294643  0.7128543
 8.4744214  0.7973080
 8.5193786  0.7282296
 8.5643357  0.7806546
 8.6092929  0.9507973
 8.6542500  0.6468994
 8.6992071  0.4656221
 8.7441643  0.7776786
 8.7891214  0.7412341
 8.8340786  0.7337090
 8.8790357  0.7262978
 8.9239929  0.9402287
 8.9689500  0.6296767
 9.0139071  0.5963065
 9.0588643  1.0197862
 9.1038214  0.8503066
 9.1487786  1.0524629
 9.1937357  0.8598110
 9.2386929  0.9804729
 9.2836500  0.6643683
 9.3286071  0.5061386
 9.3735643  0.6015543
 9.4185214  0.7199555
 9.4634786  1.0082201
 9.5084357  0.8525562
 9.5533929  0.9893312
 9.5983500  0.8844671
 9.6433071  0.9236039
 9.6882643  0.7038862
 9.7332214  0.8601252
 9.7781786  0.6449340
 9.8231357  0.7988053
 9.8680929  1.0176987
 9.9130500  0.8292020
 9.9580071  0.7773138
10.0029643  0.7923522
10.0479214  0.8725307
10.0928786  0.8431556
10.1378357  0.9856905
10.1827929  1.1256808
10.2277500  0.9052770
10.2727071  0.7304180
10.3176643  0.9723180
10.3626214  1.1279677
10.4075786  0.9352586
10.4525357  0.8869163
10.4974929  0.7794113
10.5424500  0.8124077
10.5874071  0.9626981
10.6323643  0.7597631
10.6773214  1.0817744
10.7222786  0.8811644
10.7672357  0.7978370
10.8121929  0.7535390
10.8571500  0.9901876
10.9021071  1.0005670
10.9470643  0.8269714
10.9920214  0.8202207
11.0369786  0.9039469
11.0819357  0.9145601
11.1268929  0.5514260
11.1718500  0.8469629
11.2168071  0.8226833
11.2617643  1.0245013
11.3067214  0.8785574
11.3516786  0.7519793
11.3966357  0.6612789
11.4415929  0.7570297
11.4865500  0.7511154
11.5315071  0.7949549
11.5764643  0.8709583
11.6214214  1.0109893
11.6663786  0.8414041
11.7113357  0.9794683
11.7562929  0.9879257
11.8012500  0.8064688
11.8462071  1.1142256
11.8911643  0.9344927
11.9361214  0.9120087
11.9810786  0.8744932
12.0260357  0.8070572
12.0709929  0.8010568
12.1159500  0.9601486
12.1609071  0.8488215
12.2058643  1.0790939
12.2508214  0.8217336
12.2957786  0.8448690
12.3407357  0.9833322
12.3856929  0.9044267
12.4306500  1.0119152
12.4756071  0.9197365
12.5205643  0.7867082
12.5655214  0.7810889
12.6104786  0.9971094
12.6554357  1.1687946
12.7003929  1.0240011
12.7453500  0.8269891
12.7903071  0.7404133
12.8352643  0.8689148
12.8802214  0.9823326
12.9251786  0.8964154
12.9701357  1.0211254
13.0150929  0.8450693
13.0600500  1.0329369
13.1050071  0.9617457
13.1499643  0.8660307
13.1949214  0.8854375
13.2398786  0.9673781
13.2848357  1.1854541
13.3297929  1.0163436
13.3747500  0.8864101
13.4197071  1.1372878
13.4646643  0.9110532
13.5096214  0.9411997
13.5545786  0.8270858
13.5995357  0.8097189
13.6444929  0.7807333
13.6894500  0.9048827
13.7344071  0.7938942
13.7793643  0.8467165
13.8243214  0.8642655
13.8692786  0.9846100
13.9142357  0.9896328
13.9591929  0.8363435
14.0041500  0.9545067
14.0491071  0.9818808
14.0940643  0.9534535
14.1390214  0.9473998
14.1839786  1.0727623
14.2289357  0.9572192
14.2738929  0.9403899
14.3188500  0.9452354
14.3638071  0.9286535
14.4087643  1.0395519
14.4537214  1.0225533
14.4986786  1.0057452
14.5436357  1.0724198
14.5885929  1.0968637
14.6335500  0.9872916
14.6785071  0.8585965
14.7234643  0.9041565
14.7684214  0.8885628
14.8133786  0.9032498
14.8583357  0.8379393
14.9032929  0.7733992
14.9482500  0.9264474
14.9932071  0.8817126
15.0381643  0.8959253
15.0831214  0.9196335
15.1280786  0.9045528
15.1730357  1.0905197
15.2179929  0.9129145
15.2629500  0.8035549
15.3079071  1.0243974
15.3528643  0.8408864
15.3978214  1.0124686
15.4427786  0.9788781
15.4877357  0.9640223
15.5326929  0.8397847
15.5776500  0.8258690
15.6226071  1.0106124
15.6675643  1.0945371
15.7125214  0.9901588
# &EndTable
# &ENDRDF
