# &RDF
# Name=Cl-Cl
# Type=NB
# Min=4.24845
# Max=15.712521428571428
# NPoints=254
# AtomTypes=Cl, Cl
# &Table
 4.2484500  0.1220138
 4.2934071  0.1194719
 4.3833214  0.1146208
 4.4282786  0.1123053
 4.4732357  0.3301779
 4.5631500  0.3172942
 4.6081071  0.2074223
 4.6530643  0.2034335
 4.6980214  0.3991174
 4.7429786  0.7831741
 4.7879357  1.0567367
 4.8328929  1.0371681
 4.8778500  0.6479060
 4.9228071  1.1813773
 4.9677643  0.8923783
 5.0127214  0.5258660
 5.0576786  0.3443726
 5.1026357  0.8458279
 5.1475929  0.7480064
 5.1925500  0.7351100
 5.2375071  0.9633925
 5.2824643  0.6313761
 5.3274214  0.7759563
 5.3723786  0.3815120
 5.4173357  0.6753711
 5.4622929  0.8119218
 5.5072500  0.7261092
 5.5522071  0.7858378
 5.5971643  0.3514839
 5.6421214  0.4842669
 5.6870786  0.4766408
 5.7320357  0.8713593
 5.7769929  0.3959308
 5.8219500  0.4548130
 5.8669071  0.1919440
 5.9118643  0.3780717
 5.9568214  0.3103221
 6.0017786  0.7947953
 6.0467357  0.1204647
 6.0916929  0.4154263
 6.1366500  0.1754408
 6.1816071  0.3457964
 6.2265643  0.5680350
 6.2715214  0.2239681
 6.3164786  0.5519784
 6.3614357  0.4897837
 6.4063929  0.4292744
 6.4513500  0.3174843
 6.4963071  0.3652895
 6.5412643  0.4632243
 6.5862214  0.7615367
 6.6311786  0.7011628
 6.6761357  0.4941081
 6.7210929  0.4387681
 6.7660500  0.4810630
 6.8110071  0.6646266
 6.8559643  0.7027916
 6.9009214  0.3699544
 6.9458786  0.4108285
 6.9908357  0.8561855
 7.0357929  0.7118137
 7.0807500  0.7028035
 7.1257071  0.5204725
 7.1706643  0.6424584
 7.2156214  1.1420597
 7.2605786  0.8355262
 7.3055357  0.7840108
 7.3504929  0.9782523
 7.3954500  0.8053291
 7.4404071  0.9149704
 7.4853643  0.7467932
 7.5303214  1.3204578
 7.5752786  1.1129443
 7.6202357  0.9102215
 7.6651929  1.1994344
 7.7101500  0.9632087
 7.7551071  0.6957460
 7.8000643  0.8325383
 7.8450214  0.9661582
 7.8899786  0.6367862
 7.9349357  0.5596364
 7.9798929  0.7262698
 8.0248500  0.7523530
 8.0698071  0.8116293
 8.1147643  0.8361054
 8.1597214  1.0584544
 8.2046786  0.8178802
 8.2496357  0.6148326
 8.2945929  0.9923033
 8.3395500  0.6966431
 8.3845071  0.7205194
 8.4294643  0.6508670
 8.4744214  0.7359767
 8.5193786  0.6675438
 8.5643357  0.4203525
 8.6092929  0.7130980
 8.6542500  0.8821356
 8.6992071  0.6111290
 8.7441643  0.7776786
 8.7891214  0.7982521
 8.8340786  0.6772698
 8.8790357  0.8939050
 8.9239929  0.7466522
 8.9689500  1.0403355
 9.0139071  0.7860404
 9.0588643  0.8856038
 9.1038214  0.8503066
 9.1487786  0.7104125
 9.1937357  1.2245792
 9.2386929  0.7998595
 9.2836500  0.8176841
 9.3286071  0.8098218
 9.3735643  1.0276552
 9.4185214  0.9682160
 9.4634786  0.8360850
 9.5084357  1.0230674
 9.5533929  1.1099814
 9.5983500  0.8605626
 9.6433071  0.7341467
 9.6882643  0.9619778
 9.7332214  0.9298651
 9.7781786  0.8983009
 9.8231357  1.2552654
 9.8680929  0.9046211
 9.9130500  0.7395585
 9.9580071  0.8661496
10.0029643  0.8143620
10.0479214  0.9161573
10.0928786  0.8215362
10.1378357  0.9428344
10.1827929  0.6796564
10.2277500  0.8631711
10.2727071  0.9599779
10.3176643  0.8275047
10.3626214  0.9228827
10.4075786  1.0369171
10.4525357  0.8667591
10.4974929  0.7394415
10.5424500  1.2483338
10.5874071  0.9234043
10.6323643  0.6233954
10.6773214  0.7920134
10.7222786  0.9577874
10.7672357  0.7978370
10.8121929  0.8477314
10.8571500  1.0275532
10.9021071  0.8523349
10.9470643  0.9372343
10.9920214  0.9295834
11.0369786  0.8858680
11.0819357  0.8428299
11.1268929  1.0850640
11.1718500  1.1292839
11.2168071  0.9627145
11.2617643  0.8161281
11.3067214  0.8957840
11.3516786  0.8032506
11.3966357  1.0851756
11.4415929  0.9589043
11.4865500  0.8846470
11.5315071  0.9440089
11.5764643  1.0024238
11.6214214  0.8479265
11.6663786  0.9223083
11.7113357  0.9634114
11.7562929  0.8923200
11.8012500  1.1385442
11.8462071  0.9102124
11.8911643  0.8410434
11.9361214  0.8038043
11.9810786  0.9512031
12.0260357  0.9897871
12.0709929  0.7859425
12.1159500  0.8851370
12.1609071  0.9530627
12.2058643  1.0790939
12.2508214  0.7630384
12.2957786  0.8594357
12.3407357  0.9399499
12.3856929  0.9331387
12.4306500  0.7696257
12.4756071  0.9197365
12.5205643  0.7867082
12.5655214  0.8368810
12.6104786  0.8724708
12.6554357  0.9075346
12.7003929  0.8874676
12.7453500  0.9083323
12.7903071  0.8884960
12.8352643  0.9624903
12.8802214  1.0088821
12.9251786  0.9227805
12.9701357  0.9033032
13.0150929  0.8190671
13.0600500  0.7359676
13.1050071  0.8719828
13.1499643  0.9297094
13.1949214  1.1510688
13.2398786  0.8166178
13.2848357  1.0357125
13.3297929  0.7808494
13.3747500  0.7879200
13.4197071  1.0272277
13.4646643  0.9353479
13.5096214  0.9291330
13.5545786  0.9949004
13.5995357  0.9168876
13.6444929  0.9581726
13.6894500  1.0106482
13.7344071  0.9573430
13.7793643  0.9859028
13.8243214  0.8642655
13.8692786  0.9388142
13.9142357  0.9327574
13.9591929  0.8702493
14.0041500  0.8646708
14.0491071  0.9707231
14.0940643  0.8980202
14.1390214  0.9143510
14.1839786  1.0180295
14.2289357  1.0551166
14.2738929  0.9620081
14.3188500  0.9774593
14.3638071  0.9500019
14.4087643  0.8698292
14.4537214  1.0014697
14.4986786  0.8066915
14.5436357  0.8954185
14.5885929  0.8899082
14.6335500  0.8741644
14.6785071  0.7563826
14.7234643  0.9143155
14.7684214  0.8683682
14.8133786  0.8631053
14.8583357  0.8578902
14.9032929  0.9617913
14.9482500  0.9165915
14.9932071  1.0874455
15.0381643  0.9251402
15.0831214  0.8034692
15.1280786  0.9622902
15.1730357  0.9757281
15.2179929  0.7512525
15.2629500  1.0304411
15.3079071  0.9774067
15.3528643  0.8595727
15.3978214  0.9660251
15.4427786  0.8865311
15.4877357  0.8813918
15.5326929  0.9949623
15.5776500  0.8712464
15.6226071  0.8211226
15.6675643  0.8792183
15.7125214  0.8563535
# &EndTable
# &ENDRDF
