# &RDF
# Name=Cl-Cl
# Type=NB
# Min=4.24845
# Max=15.712521428571428
# NPoints=254
# AtomTypes=Cl, Cl
# &Table
 4.2484500  0.0675291
 4.2934071  0.1556775
 4.3833214  0.1921506
 4.4282786  0.1972550
 4.4732357  0.1912974
 4.5631500  0.1945847
 4.6081071  0.2816488
 4.6530643  0.4403398
 4.6980214  0.5301864
 4.7429786  0.6636509
 4.7879357  0.8384127
 4.8328929  0.9663797
 4.8778500  0.9441169
 4.9228071  0.8796951
 4.9677643  0.7825958
 5.0127214  0.6881406
 5.0576786  0.6942134
 5.1026357  0.7010618
 5.1475929  0.6976149
 5.1925500  0.7275787
 5.2375071  0.7475536
 5.2824643  0.7420879
 5.3274214  0.6755568
 5.3723786  0.7083883
 5.4173357  0.6859970
 5.4622929  0.6488100
 5.5072500  0.6176170
 5.5522071  0.6286034
 5.5971643  0.6399977
 5.6421214  0.5980323
 5.6870786  0.5311809
 5.7320357  0.4958462
 5.7769929  0.4190327
 5.8219500  0.4783645
 5.8669071  0.4244116
 5.9118643  0.4030052
 5.9568214  0.3433822
 6.0017786  0.3504473
 6.0467357  0.3733135
 6.0916929  0.3678664
 6.1366500  0.3459369
 6.1816071  0.3540077
 6.2265643  0.3574408
 6.2715214  0.4367968
 6.3164786  0.4203149
 6.3614357  0.4149009
 6.4063929  0.4051736
 6.4513500  0.4397219
 6.4963071  0.5086577
 6.5412643  0.5080730
 6.5862214  0.5239932
 6.6311786  0.5488095
 6.6761357  0.6059664
 6.7210929  0.6041795
 6.7660500  0.5320921
 6.8110071  0.5016087
 6.8559643  0.5321264
 6.9009214  0.6005638
 6.9458786  0.6233656
 6.9908357  0.5866613
 7.0357929  0.6193720
 7.0807500  0.6879242
 7.1257071  0.7549994
 7.1706643  0.7960858
 7.2156214  0.7917541
 7.2605786  0.8586624
 7.3055357  0.8475502
 7.3504929  0.8935339
 7.3954500  0.9221266
 7.4404071  0.8981483
 7.4853643  0.9855264
 7.5303214  1.0538192
 7.5752786  1.0528669
 7.6202357  1.0448678
 7.6651929  1.0331063
 7.7101500  0.9958867
 7.7551071  0.8662690
 7.8000643  0.8136884
 7.8450214  0.7597884
 7.8899786  0.6965243
 7.9349357  0.6905169
 7.9798929  0.7380274
 8.0248500  0.7715401
 8.0698071  0.7696554
 8.1147643  0.8503940
 8.1597214  0.8742391
 8.2046786  0.8614232
 8.2496357  0.8297234
 8.2945929  0.7942591
 8.3395500  0.7736196
 8.3845071  0.7001425
 8.4294643  0.6697188
 8.4744214  0.6753672
 8.5193786  0.6275619
 8.5643357  0.6532177
 8.6092929  0.6769828
 8.6542500  0.6853420
 8.6992071  0.7157851
 8.7441643  0.7340977
 8.7891214  0.7951629
 8.8340786  0.7872303
 8.8790357  0.8063773
 8.9239929  0.8649480
 8.9689500  0.8224527
 9.0139071  0.8673689
 9.0588643  0.8979795
 9.1038214  0.8908831
 9.1487786  0.8791476
 9.1937357  0.8614356
 9.2386929  0.9057155
 9.2836500  0.8944436
 9.3286071  0.8969231
 9.3735643  0.9314482
 9.4185214  0.9287685
 9.4634786  0.9632017
 9.5084357  0.9586527
 9.5533929  0.9473498
 9.5983500  0.8875997
 9.6433071  0.9210305
 9.6882643  0.9590944
 9.7332214  0.9384452
 9.7781786  0.9403314
 9.8231357  0.9528358
 9.8680929  0.9498093
 9.9130500  0.8960263
 9.9580071  0.8933731
10.0029643  0.8512748
10.0479214  0.7980890
10.0928786  0.8423979
10.1378357  0.8537344
10.1827929  0.8367466
10.2277500  0.8636752
10.2727071  0.8874876
10.3176643  0.8661579
10.3626214  0.8985434
10.4075786  0.9721908
10.4525357  0.9507537
10.4974929  0.9144816
10.5424500  0.9148906
10.5874071  0.8814204
10.6323643  0.8404414
10.6773214  0.8585469
10.7222786  0.8500841
10.7672357  0.8193334
10.8121929  0.8825389
10.8571500  0.9308598
10.9021071  0.9003461
10.9470643  0.8888515
10.9920214  0.9328865
11.0369786  0.9614644
11.0819357  0.9603864
11.1268929  0.9871512
11.1718500  0.9514434
11.2168071  0.9509466
11.2617643  0.9558549
11.3067214  0.9378520
11.3516786  0.8978115
11.3966357  0.9123638
11.4415929  0.9370753
11.4865500  0.9500556
11.5315071  0.9488568
11.5764643  0.9251584
11.6214214  0.9183790
11.6663786  0.9509629
11.7113357  0.9666109
11.7562929  0.9435146
11.8012500  0.9269745
11.8462071  0.9486234
11.8911643  0.9242697
11.9361214  0.8971299
11.9810786  0.8727966
12.0260357  0.8833000
12.0709929  0.9147174
12.1159500  0.9181502
12.1609071  0.9150440
12.2058643  0.9134338
12.2508214  0.9012265
12.2957786  0.9179757
12.3407357  0.8895092
12.3856929  0.8604429
12.4306500  0.8417634
12.4756071  0.8646876
12.5205643  0.8500566
12.5655214  0.8475442
12.6104786  0.8550453
12.6554357  0.8756361
12.7003929  0.8905039
12.7453500  0.9250124
12.7903071  0.9416668
12.8352643  0.9506241
12.8802214  0.9285344
12.9251786  0.9038680
12.9701357  0.8625782
13.0150929  0.8796512
13.0600500  0.8619365
13.1050071  0.8912246
13.1499643  0.9207257
13.1949214  0.9148515
13.2398786  0.9327336
13.2848357  0.9384230
13.3297929  0.9119585
13.3747500  0.9036266
13.4197071  0.8931990
13.4646643  0.9264771
13.5096214  0.9328187
13.5545786  0.9697800
13.5995357  0.9823402
13.6444929  0.9593840
13.6894500  0.9638848
13.7344071  0.9624337
13.7793643  0.9501491
13.8243214  0.9329228
13.8692786  0.9178482
13.9142357  0.9038769
13.9591929  0.8944608
14.0041500  0.8925973
14.0491071  0.9222190
14.0940643  0.9346375
14.1390214  0.9588165
14.1839786  0.9878581
14.2289357  0.9824250
14.2738929  0.9877895
14.3188500  0.9795047
14.3638071  0.9542882
14.4087643  0.9220462
14.4537214  0.9108818
14.4986786  0.8878235
14.5436357  0.8706475
14.5885929  0.8633226
14.6335500  0.8607147
14.6785071  0.8404436
14.7234643  0.8608499
14.7684214  0.8476233
14.8133786  0.8792472
14.8583357  0.9221962
14.9032929  0.9364711
14.9482500  0.9289167
14.9932071  0.9594923
15.0381643  0.9379548
15.0831214  0.9269381
15.1280786  0.9217515
15.1730357  0.9109050
15.2179929  0.9052446
15.2629500  0.9290749
15.3079071  0.9278124
15.3528643  0.9221132
15.3978214  0.9322603
15.4427786  0.9355596
15.4877357  0.8997591
15.5326929  0.8978437
15.5776500  0.8945929
15.6226071  0.8863638
15.6675643  0.8695132
15.7125214  0.8403982
# &EndTable
# &ENDRDF
