# &RDF
# Name=Na-Cl
# Type=NB
# Min=2.6299928571428572
# Max=15.712521428571428
# NPoints=292
# AtomTypes=Na, Cl
# &Table
 2.6299929  1.1209064
 2.6749500  2.0844489
 2.7199071  2.7852448
 2.7648643  3.2311346
 2.8098214  3.4299591
 2.8547786  3.3892070
 2.8997357  3.0021917
 2.9446929  2.5143518
 2.9896500  1.7913058
 3.0346071  1.2370194
 3.0795643  0.9447470
 3.1245214  0.8240479
 3.1694786  0.4649950
 3.2144357  0.3613724
 3.2593929  0.2904014
 3.3043500  0.2387370
 3.3493071  0.1296510
 3.3942643  0.1107115
 3.4392214  0.1126942
 3.4841786  0.1336635
 3.5291357  0.1632638
 3.5740929  0.1874846
 3.6190500  0.1750077
 3.6640071  0.1627222
 3.7089643  0.1724990
 3.7539214  0.1691912
 3.7988786  0.1548577
 3.8438357  0.1685776
 3.8887929  0.1686242
 3.9337500  0.1794738
 3.9787071  0.2637623
 4.0236643  0.3226750
 4.0686214  0.3767319
 4.1135786  0.4647300
 4.1585357  0.5489970
 4.2034929  0.6496285
 4.2484500  0.7421717
 4.2934071  0.9324881
 4.3383643  1.1161373
 4.3833214  1.2583311
 4.4282786  1.4494121
 4.4732357  1.6159141
 4.5181929  1.8317045
 4.5631500  2.0017763
 4.6081071  2.1930412
 4.6530643  2.3712787
 4.6980214  2.4965087
 4.7429786  2.6175630
 4.7879357  2.6204395
 4.8328929  2.6413156
 4.8778500  2.6913177
 4.9228071  2.7663144
 4.9677643  2.8702579
 5.0127214  2.7939655
 5.0576786  2.7579567
 5.1026357  2.7825070
 5.1475929  2.7926091
 5.1925500  2.6993509
 5.2375071  2.7008300
 5.2824643  2.7655812
 5.3274214  2.7355243
 5.3723786  2.7197290
 5.4173357  2.6681685
 5.4622929  2.3546766
 5.5072500  2.1467758
 5.5522071  2.0217616
 5.5971643  1.8061872
 5.6421214  1.5308772
 5.6870786  1.5084119
 5.7320357  1.3932112
 5.7769929  1.2671266
 5.8219500  1.1915831
 5.8669071  1.1675570
 5.9118643  1.1097129
 5.9568214  1.1215606
 6.0017786  1.1759018
 6.0467357  1.1210731
 6.0916929  1.0852454
 6.1366500  1.1380225
 6.1816071  1.1013189
 6.2265643  1.0347411
 6.2715214  1.0278288
 6.3164786  1.0418740
 6.3614357  1.0984499
 6.4063929  1.1840964
 6.4513500  1.2650663
 6.4963071  1.3101049
 6.5412643  1.2675994
 6.5862214  1.2329050
 6.6311786  1.2376837
 6.6761357  1.2469435
 6.7210929  1.2827187
 6.7660500  1.2781584
 6.8110071  1.3479870
 6.8559643  1.4383276
 6.9009214  1.4255938
 6.9458786  1.4659207
 6.9908357  1.3944292
 7.0357929  1.4184361
 7.0807500  1.4162186
 7.1257071  1.3948621
 7.1706643  1.3373636
 7.2156214  1.3384161
 7.2605786  1.3347404
 7.3055357  1.2827915
 7.3504929  1.2707486
 7.3954500  1.2642293
 7.4404071  1.2652603
 7.4853643  1.2965424
 7.5303214  1.2899184
 7.5752786  1.3672077
 7.6202357  1.3678293
 7.6651929  1.3329682
 7.7101500  1.2792641
 7.7551071  1.2203228
 7.8000643  1.1542316
 7.8450214  1.0748633
 7.8899786  1.0641517
 7.9349357  1.0860583
 7.9798929  1.1183203
 8.0248500  1.1861403
 8.0698071  1.1567826
 8.1147643  1.1215699
 8.1597214  1.1376615
 8.2046786  1.1570929
 8.2496357  1.1119277
 8.2945929  1.0985123
 8.3395500  1.0620643
 8.3845071  1.0468130
 8.4294643  1.0302977
 8.4744214  1.0287946
 8.5193786  1.0411769
 8.5643357  1.0143319
 8.6092929  1.0291085
 8.6542500  1.0409196
 8.6992071  1.0391055
 8.7441643  1.0949439
 8.7891214  1.1248630
 8.8340786  1.1696599
 8.8790357  1.2004871
 8.9239929  1.1986058
 8.9689500  1.1972063
 9.0139071  1.1491189
 9.0588643  1.1224455
 9.1038214  1.0758764
 9.1487786  1.0495315
 9.1937357  1.1089804
 9.2386929  1.1695813
 9.2836500  1.1782477
 9.3286071  1.1609249
 9.3735643  1.1145515
 9.4185214  1.0986753
 9.4634786  1.0787256
 9.5084357  1.0969556
 9.5533929  1.1108516
 9.5983500  1.0940729
 9.6433071  1.1159046
 9.6882643  1.1278915
 9.7332214  1.1120155
 9.7781786  1.0911985
 9.8231357  1.0440944
 9.8680929  1.0199464
 9.9130500  1.0146179
 9.9580071  1.0126397
10.0029643  1.0410156
10.0479214  1.0229161
10.0928786  1.0548162
10.1378357  1.0694127
10.1827929  1.1340243
10.2277500  1.1292449
10.2727071  1.1058357
10.3176643  1.0921980
10.3626214  1.0479779
10.4075786  0.9954076
10.4525357  0.9784571
10.4974929  0.9737477
10.5424500  0.9734585
10.5874071  1.0047464
10.6323643  1.0396985
10.6773214  1.0384029
10.7222786  1.0377678
10.7672357  1.0248844
10.8121929  0.9771542
10.8571500  0.9544137
10.9021071  0.9398703
10.9470643  0.9478136
10.9920214  0.9492698
11.0369786  1.0018258
11.0819357  0.9902632
11.1268929  1.0066589
11.1718500  0.9948620
11.2168071  0.9810127
11.2617643  0.9359992
11.3067214  0.9371328
11.3516786  0.9449073
11.3966357  0.9404854
11.4415929  0.9919599
11.4865500  1.0206917
11.5315071  1.0405047
11.5764643  1.0459288
11.6214214  1.0585178
11.6663786  1.0555136
11.7113357  1.0419742
11.7562929  1.0389610
11.8012500  0.9956352
11.8462071  0.9554896
11.8911643  0.9439836
11.9361214  0.9013892
11.9810786  0.8805446
12.0260357  0.8482656
12.0709929  0.8394779
12.1159500  0.8539100
12.1609071  0.8677699
12.2058643  0.8825714
12.2508214  0.8950518
12.2957786  0.9581642
12.3407357  1.0085214
12.3856929  1.0241118
12.4306500  1.0659662
12.4756071  1.0725376
12.5205643  1.0479160
12.5655214  1.0301962
12.6104786  0.9934402
12.6554357  0.9607603
12.7003929  0.9702826
12.7453500  0.9932099
12.7903071  0.9938774
12.8352643  1.0134172
12.8802214  1.0142435
12.9251786  0.9755481
12.9701357  0.9543152
13.0150929  0.9468178
13.0600500  0.9408934
13.1050071  0.9401302
13.1499643  0.9849091
13.1949214  0.9923177
13.2398786  0.9987463
13.2848357  0.9881648
13.3297929  0.9494662
13.3747500  0.9315106
13.4197071  0.9392549
13.4646643  0.9433347
13.5096214  0.9485220
13.5545786  0.9764282
13.5995357  0.9861766
13.6444929  1.0103483
13.6894500  1.0176098
13.7344071  1.0074244
13.7793643  1.0175365
13.8243214  0.9981523
13.8692786  0.9814219
13.9142357  0.9548470
13.9591929  0.9552214
14.0041500  0.9548092
14.0491071  0.9631354
14.0940643  0.9894521
14.1390214  0.9942179
14.1839786  1.0067206
14.2289357  0.9871969
14.2738929  0.9546190
14.3188500  0.9196056
14.3638071  0.9213764
14.4087643  0.9342386
14.4537214  0.9477278
14.4986786  0.9885778
14.5436357  0.9862178
14.5885929  1.0046183
14.6335500  1.0169048
14.6785071  1.0046277
14.7234643  1.0036303
14.7684214  0.9794025
14.8133786  0.9842188
14.8583357  0.9360087
14.9032929  0.8914491
14.9482500  0.8789327
14.9932071  0.8701749
15.0381643  0.8974491
15.0831214  0.9313597
15.1280786  0.9587665
15.1730357  0.9754126
15.2179929  0.9808482
15.2629500  0.9825847
15.3079071  0.9564148
15.3528643  0.9287750
15.3978214  0.9370810
15.4427786  0.9336028
15.4877357  0.9320004
15.5326929  0.9250034
15.5776500  0.9266496
15.6226071  0.9423584
15.6675643  0.9775489
15.7125214  1.0376408
# &EndTable
# &ENDRDF
