0.000 0.000
0.200 0.000
0.400 0.000
0.600 0.000
0.800 0.000
1.000 0.000
1.200 0.000
1.400 0.000
1.600 0.000
1.800 0.000
2.000 0.000
2.200 0.000
2.400 0.000
2.600 0.000
2.800 0.000
3.000 0.000
3.200 0.000
3.400 0.000
3.600 0.000
3.800 0.000
4.000 0.000
4.200 0.027
4.400 0.025
4.600 0.182
4.800 0.565
5.000 0.540
5.200 0.713
5.400 0.843
5.600 0.630
5.800 0.645
6.000 0.522
6.200 0.276
6.400 0.330
6.600 0.520
6.800 0.302
7.000 0.600
7.200 0.511
7.400 0.678
7.600 0.835
7.800 0.872
8.000 0.716
8.200 0.695
8.400 0.697
8.600 0.743
8.800 0.654
9.000 0.684
9.200 0.877
9.400 0.813
9.600 0.696
9.800 0.683
10.000 0.742
10.200 0.885
10.400 0.731
10.600 0.837
10.800 0.777
11.000 0.841
11.200 0.776
11.400 0.861
11.600 0.824
11.800 0.869
12.000 0.914
12.200 0.930
