0.000 0.000
0.200 0.000
0.400 0.000
0.600 0.000
0.800 0.000
1.000 0.000
1.200 0.000
1.400 0.000
1.600 0.000
1.800 0.000
2.000 0.000
2.200 0.000
2.400 0.000
2.600 0.000
2.800 0.000
3.000 0.000
3.200 0.141
3.400 0.167
3.600 0.446
3.800 0.668
4.000 0.512
4.200 0.464
4.400 0.324
4.600 0.364
4.800 0.293
5.000 0.174
5.200 0.321
5.400 0.479
5.600 0.400
5.800 0.630
6.000 0.562
6.200 0.690
6.400 0.659
6.600 0.664
6.800 0.573
7.000 0.472
7.200 0.623
7.400 0.519
7.600 0.526
7.800 0.673
8.000 0.768
8.200 0.609
8.400 0.710
8.600 0.808
8.800 0.834
9.000 0.780
9.200 0.769
9.400 0.764
9.600 0.785
9.800 0.823
10.000 0.757
10.200 0.797
10.400 0.793
10.600 0.862
10.800 0.868
11.000 0.940
11.200 0.938
11.400 0.846
11.600 0.931
11.800 0.820
12.000 0.924
12.200 0.930
