0.000 0.000
0.200 0.000
0.400 0.000
0.600 0.000
0.800 0.000
1.000 0.000
1.200 0.000
1.400 0.000
1.600 0.000
1.800 0.000
2.000 0.000
2.200 0.000
2.400 0.000
2.600 0.107
2.800 4.364
3.000 4.310
3.200 1.341
3.400 0.438
3.600 0.167
3.800 0.300
4.000 0.331
4.200 0.560
4.400 1.133
4.600 1.731
4.800 2.019
5.000 2.362
5.200 2.870
5.400 2.107
5.600 1.491
5.800 1.110
6.000 1.024
6.200 1.028
6.400 1.036
6.600 1.300
6.800 1.381
7.000 1.333
7.200 1.311
7.400 1.364
7.600 1.102
7.800 1.224
8.000 0.983
8.200 0.914
8.400 0.926
8.600 1.118
8.800 1.120
9.000 1.035
9.200 1.056
9.400 1.045
9.600 1.072
9.800 0.941
10.000 1.005
10.200 0.941
10.400 0.958
10.600 0.997
10.800 0.899
11.000 0.976
11.200 0.932
11.400 0.987
11.600 1.014
11.800 1.000
12.000 0.905
12.200 0.910
