     0.0133333 150890.1193650
     0.0400000 150642.3523381
     0.0666667 150394.5853112
     0.0933333 150146.8182843
     0.1200000 149899.0512575
     0.1466667 149651.2842306
     0.1733333 149403.5172037
     0.2000000 149155.7501768
     0.2266667 148907.9831500
     0.2533333 148660.2161231
     0.2800000 148412.4490962
     0.3066667 148164.6820694
     0.3333333 147916.9150425
     0.3600000 147669.1480156
     0.3866667 147421.3809887
     0.4133333 147173.6139619
     0.4400000 146925.8469350
     0.4666667 146678.0799081
     0.4933333 146430.3128813
     0.5200000 146182.5458544
     0.5466667 145934.7788275
     0.5733333 145687.0118006
     0.6000000 145439.2447738
     0.6266667 145191.4777469
     0.6533333 144943.7107200
     0.6800000 144695.9436932
     0.7066667 144448.1766663
     0.7333333 144200.4096394
     0.7600000 143952.6426125
     0.7866667      0.0000000
     0.8133333      0.0000000
     0.8400000      0.0000000
     0.8666667      9.9106811
     0.8933333      0.0000000
     0.9200000      0.0000000
     0.9466667      0.0000000
     0.9733333      0.8934262
     1.0000000      0.0000000
     1.0266667      0.0000000
     1.0533333      9.9106811
     1.0800000      0.0000000
     1.1066667      0.0000000
     1.1333333      0.0000000
     1.1600000      0.0000000
     1.1866667      9.9106811
     1.2133333      9.9106811
     1.2400000      9.9106811
     1.2666667      9.9106811
     1.2933333      9.9106811
     1.3200000      9.9106811
     1.3466667      5.5587864
     1.3733333      9.9106811
     1.4000000      9.9106811
     1.4266667      9.9106811
     1.4533333      0.0000000
     1.4800000      9.9106811
     1.5066667      0.0000000
     1.5333333      9.9106811
     1.5600000      0.0000000
     1.5866667      0.0000000
     1.6133333      9.9106811
     1.6400000      0.0000000
     1.6666667      9.9106811
     1.6933333      0.0000000
     1.7200000      9.9106811
     1.7466667      9.9106811
     1.7733333      0.0000000
     1.8000000      9.9106811
     1.8266667      9.9106811
     1.8533333      9.9106811
     1.8800000      9.9106811
     1.9066667      9.9106811
     1.9333333      9.9106811
     1.9600000      9.9106811
     1.9866667      9.9106811
     2.0133333      9.9106811
     2.0400000      9.9106811
     2.0666667      9.9106811
     2.0933333      9.9106811
     2.1200000      9.9106811
     2.1466667      9.9106811
     2.1733333      0.0000000
     2.2000000      9.9106811
     2.2266667      9.9106811
     2.2533333      9.9106811
     2.2800000      9.9106811
     2.3066667      9.9106811
     2.3333333      9.9106811
     2.3600000      9.9106811
     2.3866667      9.9106811
     2.4133333      9.9106811
     2.4400000      0.0000000
     2.4666667      9.9106811
     2.4933333      9.9106811
     2.5200000      9.9106811
     2.5466667      9.9106811
     2.5733333      9.9106811
     2.6000000      9.9106811
     2.6266667      8.9208151
     2.6533333      0.0000000
     2.6800000     10.9987063
     2.7066667      9.9106811
     2.7333333      9.9106811
     2.7600000     10.8156943
     2.7866667      1.6416331
     2.8133333     13.3417402
     2.8400000      4.4748603
     2.8666667      9.9106811
     2.8933333      9.9106811
     2.9200000      9.9106811
     2.9466667      5.8997301
     2.9733333      9.9106811
     3.0000000      9.9106811
     3.0266667      0.0000000
     3.0533333      9.9106811
     3.0800000      4.3961527
     3.1066667      8.2079110
     3.1333333      9.9106811
     3.1600000     19.8213621
     3.1866667      9.9106811
     3.2133333      0.0000000
     3.2400000      0.0000000
     3.2666667      0.0000000
     3.2933333      0.0000000
     3.3200000      0.0000000
     3.3466667      3.6733431
     3.3733333      9.9106811
     3.4000000      0.0000000
     3.4266667     19.8213621
     3.4533333      0.0000000
     3.4800000      9.6778807
     3.5066667     -1.0827443
     3.5333333     11.5141733
     3.5600000      4.1484625
     3.5866667      4.1565792
     3.6133333      9.2983135
     3.6400000      8.7102994
     3.6666667      9.9106811
     3.6933333     14.2460173
     3.7200000      5.1859381
     3.7466667     18.1301543
     3.7733333      9.9106811
     3.8000000      9.9106811
     3.8266667      9.9106811
     3.8533333      9.9106811
     3.8800000      9.9106811
     3.9066667     19.8213621
     3.9333333     19.8213621
     3.9600000      9.9106811
     3.9866667     19.8213621
     4.0133333      9.9106811
     4.0400000     19.5681527
     4.0666667     18.0718109
     4.0933333     19.8213621
     4.1200000      9.9106811
     4.1466667     19.7570749
     4.1733333     10.6570774
     4.2000000      9.9106811
     4.2266667     19.8213621
     4.2533333      9.9106811
     4.2800000      9.9106811
     4.3066667     19.8213621
     4.3333333     19.8213621
     4.3600000     19.8213621
     4.3866667     19.8213621
     4.4133333      9.9106811
     4.4400000      9.9106811
     4.4666667      9.9106811
     4.4933333      9.9106811
     4.5200000     19.8213621
     4.5466667      9.9106811
     4.5733333      9.9106811
     4.6000000      9.9106811
     4.6266667      9.9106811
     4.6533333      9.9106811
     4.6800000      9.9106811
     4.7066667      9.9106811
     4.7333333      9.9106811
     4.7600000      9.9106811
     4.7866667      9.9106811
     4.8133333      9.9106811
     4.8400000      9.9106811
     4.8666667      9.9106811
     4.8933333      9.9106811
     4.9200000     19.8213621
     4.9466667      9.9106811
     4.9733333      9.9106811
     5.0000000      9.9106811
     5.0266667      9.9106811
     5.0533333      9.9106811
     5.0800000      9.9106811
     5.1066667      9.9106811
     5.1333333      9.9106811
     5.1600000      9.9106811
     5.1866667      9.9106811
     5.2133333      9.9106811
     5.2400000      9.9106811
     5.2666667      9.9106811
     5.2933333      9.9106811
     5.3200000     19.8213621
     5.3466667      9.9106811
     5.3733333      9.9106811
     5.4000000      9.9106811
     5.4266667     19.8213621
     5.4533333      9.9106811
     5.4800000     19.8213621
     5.5066667      9.9106811
     5.5333333      9.9106811
     5.5600000     19.8213621
     5.5866667      9.9106811
     5.6133333      9.9106811
     5.6400000      9.9106811
     5.6666667      9.9106811
     5.6933333      9.9106811
     5.7200000      9.9106811
     5.7466667     19.8213621
     5.7733333      9.9106811
     5.8000000     19.8213621
     5.8266667      9.9106811
     5.8533333      9.9106811
     5.8800000      9.9106811
     5.9066667      9.9106811
     5.9333333     19.8213621
     5.9600000     19.8213621
     5.9866667     19.8213621
     6.0133333      9.9106811
     6.0400000      9.9106811
     6.0666667     10.1387729
     6.0933333      9.9106811
     6.1200000      9.9106811
     6.1466667      9.9106811
     6.1733333     19.8213621
     6.2000000     19.8213621
     6.2266667      9.9106811
     6.2533333      9.9106811
     6.2800000     14.1168424
     6.3066667     19.8213621
     6.3333333      9.9106811
     6.3600000     12.7313074
     6.3866667      9.9106811
     6.4133333      9.9106811
     6.4400000      9.9106811
     6.4666667      9.9106811
     6.4933333      9.9106811
     6.5200000      9.9106811
     6.5466667      9.9106811
     6.5733333      9.9262364
     6.6000000     13.4246162
     6.6266667      9.9106811
     6.6533333     17.5043567
     6.6800000     19.8213621
     6.7066667      9.9106811
     6.7333333      9.8960744
     6.7600000      9.8695277
     6.7866667      9.9106811
     6.8133333      4.4038745
     6.8400000      9.9106811
     6.8666667     12.4571463
     6.8933333     17.2972694
     6.9200000     14.5769566
     6.9466667      6.3942123
     6.9733333     12.8721664
     7.0000000      9.9106811
     7.0266667     11.7812401
     7.0533333      9.9106811
     7.0800000      9.9106811
     7.1066667     19.8213621
     7.1333333      5.0542456
     7.1600000     18.2277994
     7.1866667     14.1879538
     7.2133333      9.9106811
     7.2400000     19.8213621
     7.2666667      9.9106811
     7.2933333      0.0000000
     7.3200000      7.1804573
     7.3466667      0.0000000
     7.3733333     12.6039644
     7.4000000      9.9106811
     7.4266667     12.0932620
     7.4533333      4.9611692
     7.4800000      0.0000000
     7.5066667      6.7363502
     7.5333333      3.0817872
     7.5600000      9.9106811
     7.5866667      0.7426858
     7.6133333     10.4995020
     7.6400000     14.2949294
     7.6666667      9.9106811
     7.6933333      6.5412944
     7.7200000      7.5912884
     7.7466667      9.5787504
     7.7733333      9.9106811
     7.8000000      0.2300108
     7.8266667      7.0068961
     7.8533333      7.2433762
     7.8800000      0.0000000
     7.9066667      6.7244769
     7.9333333      9.9106811
     7.9600000      1.6072452
     7.9866667      0.0000000
     8.0133333      0.4992926
     8.0400000      0.0000000
     8.0666667      0.0000000
     8.0933333      2.7304085
     8.1200000     12.9516821
     8.1466667      8.4496280
     8.1733333      6.5407717
     8.2000000      3.9844652
     8.2266667      0.0000000
     8.2533333      0.0000000
     8.2800000      0.0000000
     8.3066667      0.1202701
     8.3333333      0.0000000
     8.3600000      7.7439426
     8.3866667      0.0000000
     8.4133333      0.0000000
     8.4400000      0.0000000
     8.4666667      0.0000000
     8.4933333      0.0000000
     8.5200000      7.0388514
     8.5466667      0.0000000
     8.5733333      0.0000000
     8.6000000      0.0000000
     8.6266667      0.0000000
     8.6533333      1.7799134
     8.6800000      0.0000000
     8.7066667      0.0000000
     8.7333333      0.1039939
     8.7600000      0.0000000
     8.7866667      0.0000000
     8.8133333      0.0000000
     8.8400000      0.0000000
     8.8666667      0.0000000
     8.8933333      1.9559955
     8.9200000      0.0000000
     8.9466667      0.0000000
     8.9733333      0.0000000
     9.0000000      1.7323320
     9.0266667      0.2205152
     9.0533333      1.0353948
     9.0800000      2.4131903
     9.1066667      5.7839211
     9.1333333      1.4523815
     9.1600000      0.0000000
     9.1866667      1.4982246
     9.2133333      7.1628092
     9.2400000      0.4400143
     9.2666667      0.0000000
     9.2933333      6.0122015
     9.3200000      0.0000000
     9.3466667      0.0000000
     9.3733333      0.0000000
     9.4000000      0.0000000
     9.4266667      0.0000000
     9.4533333      2.4963104
     9.4800000      5.0088570
     9.5066667      3.1138485
     9.5333333      0.0000000
     9.5600000     -9.9106811
     9.5866667     -9.9106811
     9.6133333      0.0000000
     9.6400000     -9.9106811
     9.6666667     -8.4695596
     9.6933333     -9.9106811
     9.7200000     -9.9106811
     9.7466667     -9.9106811
     9.7733333     -7.8830494
     9.8000000     -9.9106811
     9.8266667     -9.9106811
     9.8533333     -9.9106811
     9.8800000     -9.9106811
     9.9066667     -9.9106811
     9.9333333     -9.9106811
     9.9600000     -9.9106811
     9.9866667     -9.9106811
    10.0133333     -9.9106811
    10.0400000     -9.9106811
    10.0666667     -9.9106811
    10.0933333     -9.9106811
    10.1200000     -7.8831851
    10.1466667     -9.9106811
    10.1733333     -9.9106811
    10.2000000     -9.9106811
    10.2266667     -9.9106811
    10.2533333     -9.9106811
    10.2800000     -1.7664118
    10.3066667     -8.5126644
    10.3333333     -9.9106811
    10.3600000     -7.5883550
    10.3866667     -9.9106811
    10.4133333     -7.4579984
    10.4400000     -3.6669731
    10.4666667     -9.9106811
    10.4933333     -9.4240064
    10.5200000     -3.7738115
    10.5466667     -9.9106811
    10.5733333      0.0000000
    10.6000000     -9.2051788
    10.6266667     -3.9989187
    10.6533333     -7.5334305
    10.6800000     -1.6556146
    10.7066667     -8.0008241
    10.7333333     -9.9106811
    10.7600000      0.0000000
    10.7866667     -9.9106811
    10.8133333     -0.7575502
    10.8400000      0.0000000
    10.8666667     -2.1991834
    10.8933333      0.0000000
    10.9200000     -0.3076623
    10.9466667     -9.9106811
    10.9733333     -9.9106811
    11.0000000      0.0000000
    11.0266667     -1.9225938
    11.0533333     -9.9106811
    11.0800000     -1.8952439
    11.1066667     -9.9106811
    11.1333333      0.0000000
    11.1600000     -9.9106811
    11.1866667     -0.0667278
    11.2133333      0.0000000
    11.2400000     -4.4562746
    11.2666667     -5.6912029
    11.2933333     -9.1182567
    11.3200000      0.0000000
    11.3466667     -6.8823062
    11.3733333     -9.9106811
    11.4000000     -8.9665469
    11.4266667      0.0000000
    11.4533333     -9.8019494
    11.4800000      0.0000000
    11.5066667      0.2010194
    11.5333333     -4.5529464
    11.5600000      0.0000000
    11.5866667     -9.9106811
    11.6133333     -4.1793562
    11.6400000     -4.9359690
    11.6666667      2.5159208
    11.6933333      0.0000000
    11.7200000      3.6913636
    11.7466667      0.0000000
    11.7733333     -3.4268699
    11.8000000      0.0000000
    11.8266667     -4.6245270
    11.8533333     -5.3242238
    11.8800000      0.0000000
    11.9066667      0.0000000
    11.9333333      0.0000000
    11.9600000      0.0000000
    11.9866667      3.4601100
    12.0133333      4.5198081
    12.0400000      0.8268382
    12.0666667      0.0463412
    12.0933333     -9.1472393
    12.1200000      4.0864228
    12.1466667      2.8706884
    12.1733333      6.8837957
    12.2000000     -7.4560260
    12.2266667      0.5923804
    12.2533333      0.6901282
    12.2800000      9.9106811
    12.3066667      0.0000000
    12.3333333     -4.8681913
    12.3600000      0.0000000
    12.3866667      1.2669728
    12.4133333      1.9828232
    12.4400000      0.0000000
    12.4666667      0.0000000
    12.4933333      0.0000000
    12.5200000      9.9106811
    12.5466667      0.4192767
    12.5733333      0.0000000
    12.6000000     -0.2998911
    12.6266667      2.3750265
    12.6533333      5.4966821
    12.6800000     -0.8537808
    12.7066667      2.4991488
    12.7333333     -2.3704355
    12.7600000      1.5191167
    12.7866667     -4.4213756
    12.8133333     -5.0401256
    12.8400000      4.1232529
    12.8666667      1.4897400
    12.8933333     -3.0462336
    12.9200000     -3.6395063
    12.9466667      3.9521490
    12.9733333     -2.4739021
    13.0000000     -0.6600887
    13.0266667      0.5865883
    13.0533333     -2.4414818
    13.0800000     -2.7265629
    13.1066667     -3.8586764
    13.1333333     -2.0195432
    13.1600000     -3.5108284
    13.1866667     -1.8416740
    13.2133333     -2.0194950
    13.2400000     -1.2048812
    13.2666667     -3.0872716
    13.2933333     -2.2984177
    13.3200000      5.9683283
    13.3466667     -2.1618183
    13.3733333     -1.5734449
    13.4000000     -3.1272147
    13.4266667     -2.3436412
    13.4533333     -0.0342514
    13.4800000     -1.6463683
    13.5066667     -0.4038944
    13.5333333     -2.0477229
    13.5600000     -1.1707383
    13.5866667     -0.1387027
    13.6133333     -1.9390382
    13.6400000     -0.7230612
    13.6666667     -0.3511806
    13.6933333     -1.3108760
    13.7200000     -2.0145570
    13.7466667     -2.8696009
    13.7733333     -1.0922366
    13.8000000     -1.3963105
    13.8266667     -0.1303678
    13.8533333     -1.4444783
    13.8800000     -1.2354104
    13.9066667     -2.0398353
    13.9333333     -1.7718463
    13.9600000      0.8112997
    13.9866667     -1.7467898
    14.0133333     -1.5404197
    14.0400000     -0.8836508
    14.0666667     -0.8173584
    14.0933333     -0.4527906
    14.1200000     -1.4697817
    14.1466667     -1.2993349
    14.1733333     -1.9561797
    14.2000000     -1.4692565
    14.2266667     -1.9452550
    14.2533333     -1.2538546
    14.2800000     -1.0692732
    14.3066667      0.2318577
    14.3333333      0.0560529
    14.3600000     -1.4454623
    14.3866667     -8.0772308
    14.4133333     -0.3548802
    14.4400000     -0.0165429
    14.4666667     -0.9290644
    14.4933333     -0.5855851
    14.5200000     -0.8499307
    14.5466667     -0.2108849
    14.5733333     -4.5395704
    14.6000000     -1.3646152
    14.6266667     -0.9475040
    14.6533333      0.1079935
    14.6800000     -1.5893172
    14.7066667      8.5621103
    14.7333333     -1.2929608
    14.7600000     -2.2051598
    14.7866667     -1.0468226
    14.8133333      0.0491324
    14.8400000     -5.1358980
    14.8666667     -0.4864073
    14.8933333     -3.6767700
    14.9200000     -3.2325677
    14.9466667     -5.3895826
    14.9733333     -2.2509102
    15.0000000     -1.5280533
    15.0266667     -1.5844863
    15.0533333     -2.8317830
    15.0800000     -0.0350670
    15.1066667     -1.3068359
    15.1333333     -1.6453832
    15.1600000     -4.1265877
    15.1866667     -1.9616241
    15.2133333     -3.9896821
    15.2400000     -0.2402642
    15.2666667      0.2422224
    15.2933333     -2.9463081
    15.3200000      8.8966426
    15.3466667     -8.1646287
    15.3733333     -0.7750708
    15.4000000     19.9908333
    15.4266667      7.2514833
    15.4533333     -0.9014980
    15.4800000     -2.5991199
    15.5066667      5.4537329
    15.5333333     -5.0854265
    15.5600000     -4.9675326
    15.5866667     -1.7812952
    15.6133333     15.0326329
    15.6400000      9.2173585
    15.6666667      8.5330660
    15.6933333     18.8698612
    15.7200000     -0.3991297
    15.7466667      0.2056148
    15.7733333     -4.7772741
    15.8000000      4.9341377
    15.8266667     12.4645243
    15.8533333     20.4338898
    15.8800000      2.3461507
    15.9066667      3.7000479
    15.9333333     -4.5135020
    15.9600000    -11.0146243
    15.9866667      9.6234435
