    0.0133333 150890.1193650
     0.0400000 150642.3523381
     0.0666667 150394.5853112
     0.0933333 150146.8182843
     0.1200000 149899.0512575
     0.1466667 149651.2842306
     0.1733333 149403.5172037
     0.2000000 149155.7501768
     0.2266667 148907.9831500
     0.2533333 148660.2161231
     0.2800000 148412.4490962
     0.3066667 148164.6820694
     0.3333333 147916.9150425
     0.3600000     19.8213621
     0.3866667     19.8213621
     0.4133333     19.8213621
     0.4400000     19.8213621
     0.4666667     19.8213621
     0.4933333     19.8213621
     0.5200000     19.8213621
     0.5466667     19.8213621
     0.5733333     19.8213621
     0.6000000     19.8213621
     0.6266667     19.8213621
     0.6533333     19.8213621
     0.6800000     19.8213621
     0.7066667     19.8213621
     0.7333333     19.8213621
     0.7600000     19.8213621
     0.7866667     19.8213621
     0.8133333      9.9106811
     0.8400000      9.9106811
     0.8666667     19.8213621
     0.8933333     19.8213621
     0.9200000     19.8213621
     0.9466667     19.8213621
     0.9733333     19.8213621
     1.0000000     15.8978055
     1.0266667     15.9007932
     1.0533333     19.8213621
     1.0800000      9.9106811
     1.1066667     19.8213621
     1.1333333     19.8213621
     1.1600000     19.8213621
     1.1866667      9.9106811
     1.2133333     19.8213621
     1.2400000     19.8213621
     1.2666667      9.9106811
     1.2933333      9.9106811
     1.3200000     19.5469605
     1.3466667     13.6164627
     1.3733333     10.5858818
     1.4000000      9.9106811
     1.4266667      9.9106811
     1.4533333     17.7562892
     1.4800000      9.9106811
     1.5066667      9.9106811
     1.5333333      0.0000000
     1.5600000      7.0645401
     1.5866667      8.2536703
     1.6133333      0.0000000
     1.6400000      9.9106811
     1.6666667      7.0939204
     1.6933333     19.8213621
     1.7200000      9.9106811
     1.7466667     19.8213621
     1.7733333     14.8963986
     1.8000000     19.8213621
     1.8266667      9.9106811
     1.8533333      9.9106811
     1.8800000      9.9106811
     1.9066667      9.9106811
     1.9333333     10.3711453
     1.9600000      9.9106811
     1.9866667      9.9106811
     2.0133333      9.9106811
     2.0400000      9.9106811
     2.0666667      0.0000000
     2.0933333      9.9106811
     2.1200000      9.9106811
     2.1466667      0.0000000
     2.1733333      9.9106811
     2.2000000      9.9106811
     2.2266667      0.0000000
     2.2533333      0.0000000
     2.2800000      9.9106811
     2.3066667      0.0000000
     2.3333333      9.9106811
     2.3600000      9.9106811
     2.3866667      0.0000000
     2.4133333      9.9106811
     2.4400000      0.0000000
     2.4666667      0.0000000
     2.4933333      0.0000000
     2.5200000      0.0000000
     2.5466667      0.0000000
     2.5733333      0.0000000
     2.6000000      0.0000000
     2.6266667      0.0000000
     2.6533333      9.9106811
     2.6800000      0.0000000
     2.7066667      0.0000000
     2.7333333      0.0000000
     2.7600000      9.9106811
     2.7866667      0.0000000
     2.8133333      0.0000000
     2.8400000      0.0000000
     2.8666667      0.0000000
     2.8933333      4.9220198
     2.9200000      2.3963160
     2.9466667      0.0000000
     2.9733333     -1.2398879
     3.0000000      0.0000000
     3.0266667      0.0000000
     3.0533333      0.4785965
     3.0800000      0.0000000
     3.1066667      0.0000000
     3.1333333      0.0000000
     3.1600000      0.0000000
     3.1866667     -9.9106811
     3.2133333      0.0000000
     3.2400000     -9.9106811
     3.2666667     -9.9106811
     3.2933333      1.4013340
     3.3200000     -9.5998411
     3.3466667     -9.9106811
     3.3733333     -2.8540181
     3.4000000     -8.6181241
     3.4266667    -10.2089525
     3.4533333     -7.0463553
     3.4800000     -9.9106811
     3.5066667    -18.1465149
     3.5333333      0.0000000
     3.5600000    -15.7192064
     3.5866667     -9.9106811
     3.6133333    -15.3789168
     3.6400000      0.0000000
     3.6666667     -3.1474528
     3.6933333     -9.9106811
     3.7200000     -6.1433990
     3.7466667     -9.9106811
     3.7733333     -8.0946148
     3.8000000     -9.9958686
     3.8266667    -15.5390139
     3.8533333    -12.3413343
     3.8800000      0.0017811
     3.9066667     -8.5610763
     3.9333333     -4.6116291
     3.9600000    -13.4166102
     3.9866667    -12.6753576
     4.0133333    -11.7376775
     4.0400000    -10.2813686
     4.0666667    -13.4381351
     4.0933333    -15.4678759
     4.1200000     -8.8015314
     4.1466667     -7.1417810
     4.1733333    -12.5885347
     4.2000000    -14.1474345
     4.2266667    -16.2194535
     4.2533333      0.0000000
     4.2800000     -9.3056329
     4.3066667     -8.4947263
     4.3333333    -14.2188411
     4.3600000     -9.9106811
     4.3866667    -13.9702567
     4.4133333    -12.3365049
     4.4400000    -14.8920134
     4.4666667    -14.9021353
     4.4933333     -9.9373908
     4.5200000    -12.4137709
     4.5466667    -13.7094882
     4.5733333    -16.2693213
     4.6000000    -16.0717310
     4.6266667    -13.6213775
     4.6533333    -14.3493545
     4.6800000    -15.1451121
     4.7066667    -11.0764786
     4.7333333    -17.1173335
     4.7600000    -15.2081120
     4.7866667    -14.0400832
     4.8133333    -13.2354312
     4.8400000    -17.4984500
     4.8666667    -13.2499837
     4.8933333    -15.9975461
     4.9200000    -16.4108653
     4.9466667    -13.7093818
     4.9733333    -17.1712548
     5.0000000    -10.6061928
     5.0266667    -16.6245593
     5.0533333    -15.6508632
     5.0800000    -13.9381846
     5.1066667    -15.9495424
     5.1333333    -14.7121245
     5.1600000    -17.6263736
     5.1866667    -13.1710856
     5.2133333    -17.0468642
     5.2400000    -19.0889657
     5.2666667    -16.2731882
     5.2933333    -17.0282321
     5.3200000    -16.0013038
     5.3466667    -15.5390579
     5.3733333    -16.9181819
     5.4000000    -15.9820071
     5.4266667    -15.7942891
     5.4533333    -14.6998352
     5.4800000    -15.8346678
     5.5066667    -16.5171577
     5.5333333    -19.1560106
     5.5600000    -16.5588464
     5.5866667    -14.5849021
     5.6133333    -17.5923383
     5.6400000    -17.8191626
     5.6666667    -16.5735527
     5.6933333    -16.0717885
     5.7200000    -16.5209026
     5.7466667    -14.3761186
     5.7733333     -9.7966818
     5.8000000    -13.5854304
     5.8266667    -14.9283818
     5.8533333    -16.7436978
     5.8800000     -7.6232818
     5.9066667    -14.9743296
     5.9333333    -13.3027050
     5.9600000    -14.2140999
     5.9866667    -16.9257514
     6.0133333    -10.5526379
     6.0400000    -10.9568535
     6.0666667     -8.3396276
     6.0933333     -7.0010674
     6.1200000    -14.4645064
     6.1466667    -15.7955134
     6.1733333     -8.2589591
     6.2000000    -13.6310698
     6.2266667    -11.5185083
     6.2533333    -12.2962700
     6.2800000     -7.7620525
     6.3066667    -11.9251476
     6.3333333     -9.4183464
     6.3600000    -10.5701660
     6.3866667    -10.4788108
     6.4133333    -12.1671092
     6.4400000    -12.2346929
     6.4666667    -11.6901304
     6.4933333     -9.7618297
     6.5200000     -8.4491129
     6.5466667     -9.6168806
     6.5733333    -14.4804189
     6.6000000    -10.3277894
     6.6266667     -5.8078929
     6.6533333    -15.7384530
     6.6800000     -3.5109206
     6.7066667    -12.5793395
     6.7333333    -10.9082406
     6.7600000    -15.5926468
     6.7866667    -12.7228178
     6.8133333    -16.1575472
     6.8400000    -10.4085480
     6.8666667    -13.4179811
     6.8933333    -12.8219011
     6.9200000    -15.1371468
     6.9466667    -12.2628204
     6.9733333     -8.6350949
     7.0000000    -12.5161393
     7.0266667    -12.9414141
     7.0533333    -14.4294278
     7.0800000    -15.6898566
     7.1066667    -13.6829517
     7.1333333     -7.2661845
     7.1600000     -7.8127655
     7.1866667     -4.4893460
     7.2133333    -13.1701462
     7.2400000    -11.9721970
     7.2666667    -13.6194728
     7.2933333    -16.4634945
     7.3200000    -12.5487818
     7.3466667    -12.6463446
     7.3733333    -13.6301017
     7.4000000    -13.1738445
     7.4266667    -17.6422261
     7.4533333    -15.9278637
     7.4800000     -9.7376112
     7.5066667    -12.7744196
     7.5333333    -15.4252841
     7.5600000    -14.1670449
     7.5866667     -9.8011143
     7.6133333    -15.5081231
     7.6400000    -17.9639751
     7.6666667    -13.7045508
     7.6933333    -12.0335036
     7.7200000    -12.0508133
     7.7466667    -14.0107200
     7.7733333    -14.2574888
     7.8000000    -14.9316178
     7.8266667    -11.4772569
     7.8533333    -12.4733203
     7.8800000    -10.6264623
     7.9066667     -9.0090766
     7.9333333    -15.5481740
     7.9600000    -15.1185201
     7.9866667    -12.4669496
     8.0133333    -10.9774039
     8.0400000    -10.6294622
     8.0666667    -14.7977869
     8.0933333    -11.2229206
     8.1200000    -11.6911635
     8.1466667     -9.4391632
     8.1733333    -14.1751822
     8.2000000    -14.6474428
     8.2266667    -14.8463826
     8.2533333    -14.1817923
     8.2800000     -9.6091967
     8.3066667    -11.5084011
     8.3333333    -11.5831459
     8.3600000    -15.0982002
     8.3866667    -12.8030645
     8.4133333    -13.5363017
     8.4400000    -12.4899722
     8.4666667    -15.5642294
     8.4933333    -12.9607547
     8.5200000    -12.5222701
     8.5466667    -15.1206121
     8.5733333    -10.1074729
     8.6000000    -13.1419289
     8.6266667    -13.6681154
     8.6533333    -12.9683737
     8.6800000    -15.8324474
     8.7066667    -14.9787767
     8.7333333    -10.6421868
     8.7600000    -13.3847975
     8.7866667    -15.3638677
     8.8133333    -15.0778192
     8.8400000    -13.9177493
     8.8666667    -10.1979528
     8.8933333    -13.2756072
     8.9200000    -13.3045542
     8.9466667    -11.8513949
     8.9733333    -12.4370309
     9.0000000    -14.1338181
     9.0266667     -8.3995377
     9.0533333    -13.3338737
     9.0800000     -9.9799765
     9.1066667    -11.5632219
     9.1333333    -12.8726306
     9.1600000    -11.9332303
     9.1866667    -11.5037707
     9.2133333    -12.0620632
     9.2400000    -12.8334241
     9.2666667    -12.8326397
     9.2933333    -12.8177248
     9.3200000    -13.4925934
     9.3466667    -11.9636346
     9.3733333    -12.4641017
     9.4000000    -12.9946204
     9.4266667    -11.1758315
     9.4533333    -11.2327529
     9.4800000    -10.8654016
     9.5066667    -10.0420805
     9.5333333    -11.9661131
     9.5600000     -9.1272176
     9.5866667     -7.6259225
     9.6133333    -10.8778361
     9.6400000     -9.9626096
     9.6666667     -9.3350548
     9.6933333     -9.4538640
     9.7200000    -11.9964666
     9.7466667     -9.0874507
     9.7733333    -10.2103785
     9.8000000     -9.7840307
     9.8266667     -8.5938672
     9.8533333     -8.7286554
     9.8800000     -9.3464195
     9.9066667     -8.9887747
     9.9333333     -7.6922467
     9.9600000     -9.8180264
     9.9866667     -6.0927117
    10.0133333     -8.0935416
    10.0400000     -6.5800247
    10.0666667     -8.8611520
    10.0933333     -7.5920780
    10.1200000     -9.5861476
    10.1466667     -8.1425797
    10.1733333     -8.1854576
    10.2000000     -6.9424034
    10.2266667     -6.3825968
    10.2533333     -7.0305724
    10.2800000     -8.0871290
    10.3066667     -6.5562194
    10.3333333    -10.3942823
    10.3600000    -10.1192317
    10.3866667     -8.6791297
    10.4133333     -8.0277293
    10.4400000     -6.6752626
    10.4666667     -6.8955306
    10.4933333     -8.1484358
    10.5200000     -7.6193615
    10.5466667    -10.8027271
    10.5733333     -6.4340818
    10.6000000     -7.5863232
    10.6266667     -4.8744751
    10.6533333     -9.3466986
    10.6800000     -6.0643597
    10.7066667     -6.1098905
    10.7333333     -8.9889702
    10.7600000     -6.0807380
    10.7866667     -7.9338534
    10.8133333     -7.4606225
    10.8400000     -7.2667900
    10.8666667     -9.9960553
    10.8933333     -9.6834283
    10.9200000     -9.5405245
    10.9466667     -8.5048224
    10.9733333    -10.2553972
    11.0000000     -7.9255727
    11.0266667     -9.0257070
    11.0533333     -9.0495483
    11.0800000    -10.4551170
    11.1066667     -9.2541753
    11.1333333     -7.7983624
    11.1600000     -8.2693131
    11.1866667     -8.9675265
    11.2133333     -7.7534579
    11.2400000     -9.6128137
    11.2666667     -9.5236067
    11.2933333      4.8428400
    11.3200000     -8.5713913
    11.3466667     -7.3404698
    11.3733333     -2.0085351
    11.4000000     -7.7665267
    11.4266667      1.3743694
    11.4533333     -7.7765903
    11.4800000     -8.5217762
    11.5066667     -2.4532197
    11.5333333      0.8122514
    11.5600000     -0.6135613
    11.5866667     -6.5665725
    11.6133333     -1.3506865
    11.6400000     -1.0989778
    11.6666667      4.2389715
    11.6933333      1.1329799
    11.7200000     -1.3649368
    11.7466667      0.5244947
    11.7733333     -1.8189127
    11.8000000      0.4624589
    11.8266667      3.0692399
    11.8533333     -1.3307454
    11.8800000      3.4723451
    11.9066667      1.2487873
    11.9333333      0.6786558
    11.9600000     -0.8051947
    11.9866667      1.8955065
    12.0133333      2.8058013
    12.0400000     -2.7582469
    12.0666667      2.2598638
    12.0933333      0.2277911
    12.1200000      1.9319863
    12.1466667      1.9615803
    12.1733333     -2.4925070
    12.2000000      1.0832712
    12.2266667     -0.4252052
    12.2533333      0.1424045
    12.2800000      5.2574698
    12.3066667      0.9652305
    12.3333333      1.3464195
    12.3600000      1.5154558
    12.3866667      0.5978817
    12.4133333     -0.2412721
    12.4400000     -0.0807429
    12.4666667      0.3638975
    12.4933333     -2.2418842
    12.5200000     -0.3212267
    12.5466667     -0.7125602
    12.5733333     -1.0406160
    12.6000000      1.1037872
    12.6266667     -0.2190253
    12.6533333      0.5294659
    12.6800000     -1.8219963
    12.7066667     -1.0995739
    12.7333333     -0.0587686
    12.7600000     -0.0164952
    12.7866667      0.8370194
    12.8133333     -0.5804368
    12.8400000     -1.2972365
    12.8666667      0.9423097
    12.8933333     -3.2190405
    12.9200000     -0.1236058
    12.9466667     -1.6597017
    12.9733333     -1.6842832
    13.0000000      1.4993893
    13.0266667      0.3932745
    13.0533333     -3.8347274
    13.0800000      1.4976731
    13.1066667      3.1964874
    13.1333333      2.5717618
    13.1600000     -0.3515503
    13.1866667     -0.2498918
    13.2133333     -0.5845865
    13.2400000      0.3456663
    13.2666667      0.8720511
    13.2933333     -1.3889005
    13.3200000     -1.5369321
    13.3466667      1.8475684
    13.3733333      2.5083990
    13.4000000     -0.2648262
    13.4266667      0.1893895
    13.4533333     -0.8291873
    13.4800000      2.1877983
    13.5066667     -0.8566405
    13.5333333     -8.8957851
    13.5600000     -8.9877647
    13.5866667     -7.4018140
    13.6133333      1.3114010
    13.6400000      0.8814764
    13.6666667      2.1392574
    13.6933333     -5.0838415
    13.7200000      0.7945337
    13.7466667      4.2665121
    13.7733333     -6.5169413
    13.8000000     -9.0798436
    13.8266667      2.8346111
    13.8533333     -7.2491435
    13.8800000     -6.2506868
    13.9066667      2.8799070
    13.9333333     -7.6157559
    13.9600000     -8.8097197
    13.9866667      3.1274061
    14.0133333      4.5140705
    14.0400000     -4.7058818
    14.0666667     -4.9679347
    14.0933333     -6.9839735
    14.1200000      1.8077834
    14.1466667     -7.1189906
    14.1733333      2.8233834
    14.2000000      3.0470127
    14.2266667      2.3419836
    14.2533333     -4.5075042
    14.2800000      5.2408109
    14.3066667      3.4426326
    14.3333333     -5.3545474
    14.3600000      5.3948015
    14.3866667      4.2844423
    14.4133333      4.1293802
    14.4400000      6.4850144
    14.4666667     -2.2436360
    14.4933333      2.5363219
    14.5200000      4.1074763
    14.5466667      4.4204910
    14.5733333     -5.2312162
    14.6000000      4.8702672
    14.6266667      5.0456080
    14.6533333      6.4860807
    14.6800000      6.8678220
    14.7066667      1.0181924
    14.7333333      4.6099486
    14.7600000      5.0184372
    14.7866667      5.8074138
    14.8133333     -3.0042109
    14.8400000      7.7193073
    14.8666667     -3.4191306
    14.8933333     -5.9936112
    14.9200000     -5.5757259
    14.9466667      7.5565136
    14.9733333      7.3535225
    15.0000000      5.6342418
    15.0266667      4.8446738
    15.0533333     -2.9892611
    15.0800000     -3.1179966
    15.1066667      4.8736242
    15.1333333      4.1124848
    15.1600000      4.9181392
    15.1866667     -4.0318029
    15.2133333      4.6458754
    15.2400000      7.2801335
    15.2666667    -12.1773946
    15.2933333      3.5148058
    15.3200000     -6.0043369
    15.3466667     -6.2757005
    15.3733333     -5.8858789
    15.4000000      5.2882707
    15.4266667     -2.4819223
    15.4533333     -3.2719350
    15.4800000     -3.2291145
    15.5066667     -5.9877637
    15.5333333      5.6274481
    15.5600000     -5.4897676
    15.5866667      5.2849053
    15.6133333      1.6388657
    15.6400000    -14.3711559
    15.6666667    -12.6635916
    15.6933333      5.0451799
    15.7200000     -8.9535258
    15.7466667     -3.5204460
    15.7733333    -11.8538789
    15.8000000    -13.6872353
    15.8266667      0.8200645
    15.8533333     -1.9342356
    15.8800000     -8.9845062
    15.9066667    -11.0656168
    15.9333333    -13.9711669
    15.9600000    -13.9408302
    15.9866667    -13.8056561
