# Na-Cl
#  Npoints = 587
#  min = 2.551317857142857, max = 15.723760714285714
 2.5513179  0.0104941
 2.5737964  0.0252010
 2.5962750  0.0735725
 2.6187536  0.1871606
 2.6412321  0.5116733
 2.6637107  1.0252002
 2.6861893  1.5426249
 2.7086679  2.0262053
 2.7311464  2.5290614
 2.7536250  3.0004312
 2.7761036  3.2426835
 2.7985821  3.5128848
 2.8210607  3.5959511
 2.8435393  3.6000012
 2.8660179  3.5524396
 2.8884964  3.5128455
 2.9109750  3.2834666
 2.9334536  2.9570622
 2.9559321  2.6861337
 2.9784107  2.3715402
 3.0008893  2.0423572
 3.0233679  1.8798976
 3.0458464  1.6017478
 3.0683250  1.3024951
 3.0908036  0.9801512
 3.1132821  0.8273307
 3.1357607  0.6807510
 3.1582393  0.5541825
 3.1807179  0.4797960
 3.2031964  0.4415990
 3.2256750  0.4556090
 3.2481536  0.4168668
 3.2706321  0.3742789
 3.2931107  0.2755154
 3.3155893  0.1911993
 3.3380679  0.2094660
 3.3605464  0.2032498
 3.3830250  0.1885602
 3.4055036  0.1599493
 3.4279821  0.1880631
 3.4504607  0.2112903
 3.4729393  0.1998089
 3.4954179  0.1871835
 3.5178964  0.1373592
 3.5403750  0.0934219
 3.5628536  0.1068387
 3.5853321  0.0840400
 3.6078107  0.0853073
 3.6302893  0.0881210
 3.6527679  0.1109269
 3.6752464  0.1338919
 3.6977250  0.1481967
 3.7202036  0.1262851
 3.7426821  0.1166913
 3.7651607  0.1264533
 3.7876393  0.1137070
 3.8101179  0.1230862
 3.8325964  0.1189384
 3.8550750  0.1012829
 3.8775536  0.1021027
 3.9000321  0.1302879
 3.9225107  0.1587866
 3.9449893  0.1747187
 3.9674679  0.1749065
 3.9899464  0.1968728
 4.0124250  0.1861130
 4.0349036  0.2288327
 4.0573821  0.2574097
 4.0798607  0.2750344
 4.1023393  0.2798939
 4.1248179  0.3283273
 4.1472964  0.4086507
 4.1697750  0.4022387
 4.1922536  0.4360266
 4.2147321  0.4901314
 4.2372107  0.5940496
 4.2596893  0.7163559
 4.2821679  0.8302495
 4.3046464  0.8907041
 4.3271250  0.9221434
 4.3496036  1.0057293
 4.3720821  1.0594712
 4.3945607  1.0761036
 4.4170393  1.1928755
 4.4395179  1.2113864
 4.4619964  1.3457130
 4.4844750  1.4843877
 4.5069536  1.5718607
 4.5294321  1.6991125
 4.5519107  1.7321036
 4.5743893  1.8244588
 4.5968679  1.8286775
 4.6193464  1.8941993
 4.6418250  2.0035841
 4.6643036  2.0089620
 4.6867821  2.0776800
 4.7092607  2.1640842
 4.7317393  2.1815466
 4.7542179  2.2430354
 4.7766964  2.2317091
 4.7991750  2.2886781
 4.8216536  2.3256013
 4.8441321  2.3341826
 4.8666107  2.3981466
 4.8890893  2.4092608
 4.9115679  2.4277547
 4.9340464  2.4722548
 4.9565250  2.5290610
 4.9790036  2.5361952
 5.0014821  2.5644111
 5.0239607  2.5912574
 5.0464393  2.5654156
 5.0689179  2.5609585
 5.0913964  2.5559089
 5.1138750  2.5030688
 5.1363536  2.5126125
 5.1588321  2.5316691
 5.1813107  2.5625419
 5.2037893  2.4742280
 5.2262679  2.4593696
 5.2487464  2.4185823
 5.2712250  2.3608911
 5.2937036  2.4167690
 5.3161821  2.3985295
 5.3386607  2.3065006
 5.3611393  2.3348020
 5.3836179  2.2973155
 5.4060964  2.2279457
 5.4285750  2.1038778
 5.4510536  2.0855341
 5.4735321  1.9930418
 5.4960107  1.8466648
 5.5184893  1.7241329
 5.5409679  1.6587206
 5.5634464  1.5094171
 5.5859250  1.4760339
 5.6084036  1.4461002
 5.6308821  1.4279114
 5.6533607  1.4066323
 5.6758393  1.4087692
 5.6983179  1.3184215
 5.7207964  1.1872422
 5.7432750  1.1154253
 5.7657536  1.0511791
 5.7882321  0.9643742
 5.8107107  0.9440015
 5.8331893  0.9232978
 5.8556679  0.9402709
 5.8781464  0.9444606
 5.9006250  0.9744225
 5.9231036  0.9985272
 5.9455821  1.0160215
 5.9680607  1.0533813
 5.9905393  1.0697264
 6.0130179  1.0723665
 6.0354964  1.0377571
 6.0579750  0.9526628
 6.0804536  0.9019905
 6.1029321  0.8694439
 6.1254107  0.8695908
 6.1478893  0.8681810
 6.1703679  0.8877561
 6.1928464  0.9136265
 6.2153250  0.9256260
 6.2378036  0.9513551
 6.2602821  0.9628404
 6.2827607  0.9921992
 6.3052393  0.9931550
 6.3277179  1.0317279
 6.3501964  1.0654419
 6.3726750  1.0859319
 6.3951536  1.1381010
 6.4176321  1.1380744
 6.4401107  1.1139434
 6.4625893  1.1282309
 6.4850679  1.1124722
 6.5075464  1.0794040
 6.5300250  1.0382357
 6.5525036  1.0129852
 6.5749821  1.0319749
 6.5974607  1.0318982
 6.6199393  1.0749411
 6.6424179  1.1520439
 6.6648964  1.2007893
 6.6873750  1.2265322
 6.7098536  1.2370170
 6.7323321  1.2474743
 6.7548107  1.2724685
 6.7772893  1.2825804
 6.7997679  1.3418828
 6.8222464  1.3570113
 6.8447250  1.4127001
 6.8672036  1.4726226
 6.8896821  1.4473440
 6.9121607  1.3875469
 6.9346393  1.3390048
 6.9571179  1.3040362
 6.9795964  1.2849546
 7.0020750  1.2324655
 7.0245536  1.1940939
 7.0470321  1.1569190
 7.0695107  1.2094478
 7.0919893  1.2034838
 7.1144679  1.2203027
 7.1369464  1.2438335
 7.1594250  1.2552342
 7.1819036  1.2975300
 7.2043821  1.3179935
 7.2268607  1.2786482
 7.2493393  1.2655767
 7.2718179  1.2531858
 7.2942964  1.2908419
 7.3167750  1.2465827
 7.3392536  1.2841588
 7.3617321  1.2915297
 7.3842107  1.2750042
 7.4066893  1.2994574
 7.4291679  1.2791554
 7.4516464  1.2721663
 7.4741250  1.2757194
 7.4966036  1.2544085
 7.5190821  1.2522335
 7.5415607  1.2257443
 7.5640393  1.2517498
 7.5865179  1.2341370
 7.6089964  1.2030530
 7.6314750  1.1881817
 7.6539536  1.1535348
 7.6764321  1.1548033
 7.6989107  1.1331582
 7.7213893  1.1256103
 7.7438679  1.1410763
 7.7663464  1.1832031
 7.7888250  1.2000585
 7.8113036  1.1896827
 7.8337821  1.2089149
 7.8562607  1.2181139
 7.8787393  1.1915959
 7.9012179  1.1582432
 7.9236964  1.1126764
 7.9461750  1.0904035
 7.9686536  1.0864764
 7.9911321  1.0866476
 8.0136107  1.0725898
 8.0360893  1.0892101
 8.0585679  1.1384597
 8.0810464  1.1361641
 8.1035250  1.1036982
 8.1260036  1.0471182
 8.1484821  1.0157735
 8.1709607  0.9866791
 8.1934393  0.9713359
 8.2159179  0.9424229
 8.2383964  0.9673061
 8.2608750  0.9804414
 8.2833536  1.0026374
 8.3058321  1.0050797
 8.3283107  0.9880612
 8.3507893  0.9776165
 8.3732679  0.9871451
 8.3957464  0.9828596
 8.4182250  0.9852160
 8.4407036  0.9961681
 8.4631821  1.0182340
 8.4856607  1.0112746
 8.5081393  1.0140934
 8.5306179  1.0187112
 8.5530964  0.9986818
 8.5755750  0.9742953
 8.5980536  0.9655045
 8.6205321  0.9403340
 8.6430107  0.9544206
 8.6654893  0.9844004
 8.6879679  0.9972878
 8.7104464  1.0068733
 8.7329250  1.0183928
 8.7554036  1.0604177
 8.7778821  1.0805105
 8.8003607  1.0537028
 8.8228393  1.0455452
 8.8453179  1.0329891
 8.8677964  1.0437814
 8.8902750  1.0420694
 8.9127536  1.0176269
 8.9352321  0.9846714
 8.9577107  0.9915170
 8.9801893  1.0076671
 9.0026679  1.0129283
 9.0251464  0.9908613
 9.0476250  0.9714457
 9.0701036  0.9953289
 9.0925821  1.0374615
 9.1150607  1.0462335
 9.1375393  1.0687186
 9.1600179  1.0887265
 9.1824964  1.1111685
 9.2049750  1.1186943
 9.2274536  1.0898096
 9.2499321  1.0659608
 9.2724107  1.0237822
 9.2948893  1.0511039
 9.3173679  1.0625109
 9.3398464  1.0450952
 9.3623250  1.0610554
 9.3848036  1.0668606
 9.4072821  1.0500209
 9.4297607  1.0498037
 9.4522393  1.0169487
 9.4747179  0.9967623
 9.4971964  0.9904440
 9.5196750  1.0193067
 9.5421536  1.0114094
 9.5646321  1.0139280
 9.5871107  1.0205371
 9.6095893  1.0265654
 9.6320679  1.0084138
 9.6545464  1.0017339
 9.6770250  1.0062814
 9.6995036  0.9972065
 9.7219821  0.9935575
 9.7444607  1.0085334
 9.7669393  1.0330430
 9.7894179  1.0415421
 9.8118964  1.0317586
 9.8343750  1.0298371
 9.8568536  1.0170465
 9.8793321  1.0274950
 9.9018107  1.0250523
 9.9242893  1.0167575
 9.9467679  0.9979760
 9.9692464  1.0186884
 9.9917250  1.0260660
10.0142036  1.0050969
10.0366821  0.9886784
10.0591607  0.9773919
10.0816393  0.9865361
10.1041179  0.9972721
10.1265964  0.9808166
10.1490750  1.0066368
10.1715536  1.0176909
10.1940321  1.0433205
10.2165107  1.0190464
10.2389893  1.0041056
10.2614679  0.9894190
10.2839464  0.9925525
10.3064250  1.0020284
10.3289036  0.9773461
10.3513821  0.9781324
10.3738607  0.9972449
10.3963393  1.0063284
10.4188179  0.9985689
10.4412964  0.9619301
10.4637750  0.9570781
10.4862536  0.9538574
10.5087321  0.9684067
10.5312107  0.9677924
10.5536893  0.9665613
10.5761679  1.0002377
10.5986464  0.9947282
10.6211250  1.0106657
10.6436036  1.0076676
10.6660821  1.0054213
10.6885607  0.9987916
10.7110393  1.0005250
10.7335179  1.0054017
10.7559964  1.0066133
10.7784750  0.9941621
10.8009536  0.9825581
10.8234321  0.9630429
10.8459107  0.9921758
10.8683893  0.9903303
10.8908679  0.9845027
10.9133464  0.9930593
10.9358250  1.0167188
10.9583036  1.0179314
10.9807821  1.0153731
11.0032607  1.0010108
11.0257393  0.9962686
11.0482179  1.0287312
11.0706964  1.0285499
11.0931750  0.9979416
11.1156536  0.9855088
11.1381321  0.9720909
11.1606107  0.9758287
11.1830893  0.9683601
11.2055679  0.9778859
11.2280464  0.9904055
11.2505250  1.0255652
11.2730036  1.0433681
11.2954821  1.0289697
11.3179607  1.0166277
11.3404393  1.0022706
11.3629179  0.9914407
11.3853964  0.9896267
11.4078750  1.0002484
11.4303536  0.9853689
11.4528321  0.9886029
11.4753107  0.9827259
11.4977893  0.9780935
11.5202679  0.9753314
11.5427464  0.9653142
11.5652250  0.9558530
11.5877036  0.9701554
11.6101821  0.9703436
11.6326607  1.0002633
11.6551393  1.0019599
11.6776179  1.0131509
11.7000964  1.0322101
11.7225750  1.0524693
11.7450536  1.0515044
11.7675321  1.0512829
11.7900107  1.0283035
11.8124893  1.0269505
11.8349679  1.0231219
11.8574464  1.0256480
11.8799250  1.0108609
11.9024036  1.0026211
11.9248821  0.9967745
11.9473607  0.9755910
11.9698393  0.9591841
11.9923179  0.9592693
12.0147964  0.9477671
12.0372750  0.9385979
12.0597536  0.9281543
12.0822321  0.9448561
12.1047107  0.9549631
12.1271893  0.9796293
12.1496679  0.9762388
12.1721464  0.9833937
12.1946250  1.0043488
12.2171036  1.0508726
12.2395821  1.0352357
12.2620607  1.0024126
12.2845393  0.9758251
12.3070179  0.9842108
12.3294964  0.9575301
12.3519750  0.9437714
12.3744536  0.9291684
12.3969321  0.9372137
12.4194107  0.9497955
12.4418893  0.9691834
12.4643679  0.9509933
12.4868464  0.9464652
12.5093250  0.9397151
12.5318036  0.9573664
12.5542821  0.9454556
12.5767607  0.9600117
12.5992393  0.9726392
12.6217179  0.9715431
12.6441964  0.9719003
12.6666750  0.9618092
12.6891536  0.9601195
12.7116321  0.9641465
12.7341107  0.9656340
12.7565893  0.9673963
12.7790679  0.9760308
12.8015464  1.0031359
12.8240250  1.0045967
12.8465036  0.9924390
12.8689821  0.9962634
12.8914607  0.9591981
12.9139393  0.9543457
12.9364179  0.9592029
12.9588964  0.9560404
12.9813750  0.9520819
13.0038536  0.9865270
13.0263321  1.0091716
13.0488107  1.0131712
13.0712893  1.0149888
13.0937679  1.0221295
13.1162464  0.9829851
13.1387250  0.9803346
13.1612036  0.9830877
13.1836821  0.9929764
13.2061607  0.9871193
13.2286393  1.0021095
13.2511179  0.9935663
13.2735964  1.0010467
13.2960750  1.0005327
13.3185536  0.9992996
13.3410321  0.9744004
13.3635107  0.9726352
13.3859893  0.9616990
13.4084679  0.9593002
13.4309464  0.9506185
13.4534250  0.9540438
13.4759036  0.9548511
13.4983821  0.9669130
13.5208607  0.9718481
13.5433393  0.9748819
13.5658179  0.9807645
13.5882964  0.9960788
13.6107750  1.0012694
13.6332536  0.9980036
13.6557321  0.9933815
13.6782107  0.9934729
13.7006893  0.9841167
13.7231679  0.9814605
13.7456464  0.9656821
13.7681250  0.9548162
13.7906036  0.9681798
13.8130821  0.9897866
13.8355607  0.9909976
13.8580393  0.9878234
13.8805179  0.9925156
13.9029964  0.9936603
13.9254750  0.9889724
13.9479536  0.9921303
13.9704321  0.9794655
13.9929107  0.9683074
14.0153893  0.9749796
14.0378679  0.9890716
14.0603464  0.9872830
14.0828250  0.9960825
14.1053036  1.0221302
14.1277821  1.0132534
14.1502607  1.0129018
14.1727393  1.0141321
14.1952179  1.0065751
14.2176964  0.9861276
14.2401750  0.9907207
14.2626536  0.9772230
14.2851321  0.9701595
14.3076107  0.9673764
14.3300893  0.9867327
14.3525679  0.9833277
14.3750464  0.9965564
14.3975250  1.0021468
14.4200036  1.0035634
14.4424821  0.9923905
14.4649607  0.9824006
14.4874393  0.9621440
14.5099179  0.9542177
14.5323964  0.9487688
14.5548750  0.9557531
14.5773536  0.9682549
14.5998321  0.9644930
14.6223107  0.9541559
14.6447893  0.9508474
14.6672679  0.9470067
14.6897464  0.9517473
14.7122250  0.9662605
14.7347036  0.9799442
14.7571821  0.9860669
14.7796607  0.9786556
14.8021393  0.9640546
14.8246179  0.9338703
14.8470964  0.9155435
14.8695750  0.9154244
14.8920536  0.9247428
14.9145321  0.9354338
14.9370107  0.9692976
14.9594893  0.9937849
14.9819679  0.9997790
15.0044464  0.9922329
15.0269250  0.9787159
15.0494036  0.9891933
15.0718821  0.9929003
15.0943607  0.9997178
15.1168393  0.9936265
15.1393179  0.9896450
15.1617964  0.9939377
15.1842750  0.9877009
15.2067536  0.9597619
15.2292321  0.9462041
15.2517107  0.9532323
15.2741893  0.9702755
15.2966679  0.9759802
15.3191464  0.9787174
15.3416250  0.9731428
15.3641036  0.9686248
15.3865821  0.9677880
15.4090607  0.9673430
15.4315393  0.9556941
15.4540179  0.9516107
15.4764964  0.9489316
15.4989750  0.9510314
15.5214536  0.9602114
15.5439321  0.9565171
15.5664107  0.9617093
15.5888893  0.9780741
15.6113679  1.0108197
15.6338464  1.0348207
15.6563250  1.0484546
15.6788036  1.0457636
15.7012821  1.0207901
15.7237607  0.9675764
