0.03147000000000 0.00000000000000
0.09441000000000 0.00000000000000
0.15735000000000 0.00000000000000
0.22029000000000 0.00000000000000
0.28323000000000 0.00000000000000
0.34617000000000 0.00000000000000
0.40911000000000 0.00000000000000
0.47205000000000 0.00000000000000
0.53499000000000 0.00000000000000
0.59793000000000 0.00000000000000
0.66087000000000 0.00000000000000
0.72381000000000 0.00000000000000
0.78675000000000 0.00000000000000
0.84969000000000 0.00000000000000
0.91263000000000 0.00000000000000
0.97557000000000 0.00000000000000
1.03851000000000 0.00000000000000
1.10145000000000 0.00000000000000
1.16439000000000 0.00000000000000
1.22733000000000 0.00000000000000
1.29027000000000 0.00000000000000
1.35321000000000 0.00000000000000
1.41615000000000 0.00000000000000
1.47909000000000 0.00000000000000
1.54203000000000 0.00000000000000
1.60497000000000 0.00000000000000
1.66791000000000 0.00000000000000
1.73085000000000 0.00000000000000
1.79379000000000 0.00000000000000
1.85673000000000 0.00000000000000
1.91967000000000 0.00000000000000
1.98261000000000 0.00000000000000
2.04555000000000 0.00000000000000
2.10849000000000 0.00000000000000
2.17143000000000 0.00000000000000
2.23437000000000 0.00000000000000
2.29731000000000 0.00000000000000
2.36025000000000 0.00000000000000
2.42319000000000 0.00000000000000
2.48613000000000 0.00000000000000
2.54907000000000 0.00000000000000
2.61201000000000 0.31701361176141
2.67495000000000 1.07168991170592
2.73789000000000 2.85911280261444
2.80083000000000 3.33361755982576
2.86377000000000 3.86000647600837
2.92671000000000 2.75461580274602
2.98965000000000 2.24387853531561
3.05259000000000 1.49817283380727
3.11553000000000 0.81028398460134
3.17847000000000 0.60334702880322
3.24141000000000 0.31814364303027
3.30435000000000 0.30613967439738
3.36729000000000 0.15607190560510
3.43023000000000 0.18381880058032
3.49317000000000 0.17725455383305
3.55611000000000 0.10884092877632
3.61905000000000 0.10508817167968
3.68199000000000 0.10152620774236
3.74493000000000 0.16824397620199
3.80787000000000 0.08136414130049
3.87081000000000 0.13123287148155
3.93375000000000 0.11436039367105
3.99669000000000 0.27081248771947
4.05963000000000 0.20282581264257
4.12257000000000 0.38179069193642
4.18551000000000 0.40406706970106
4.24845000000000 0.58827542033697
4.31139000000000 1.00493316975638
4.37433000000000 0.96594674566217
4.43727000000000 1.28826920835923
4.50021000000000 1.42725181409053
4.56315000000000 1.95474395515969
4.62609000000000 1.81922428428963
4.68903000000000 2.15526366969533
4.75197000000000 2.21174928803043
4.81491000000000 2.22215663773818
4.87785000000000 2.51227157656440
4.94079000000000 2.44867320485281
5.00373000000000 2.60735719833749
5.06667000000000 2.48170466146372
5.12961000000000 2.66030703970290
5.19255000000000 2.45035210317633
5.25549000000000 2.32794139414479
5.31843000000000 2.39829742067077
5.38137000000000 2.36289539309648
5.44431000000000 2.01005531246242
5.50725000000000 1.83471256099271
5.57019000000000 1.45760250381435
5.63313000000000 1.41901610806273
5.69607000000000 1.43631336156512
5.75901000000000 0.94265558561722
5.82195000000000 0.95719116364363
5.88489000000000 0.97657031129978
5.94783000000000 1.01715198710128
6.01077000000000 1.05038625339467
6.07371000000000 0.96476711915704
6.13665000000000 0.87720010510112
6.19959000000000 0.88505924670111
6.26253000000000 0.95259043336323
6.32547000000000 1.05167245317989
6.38841000000000 1.12259410003999
6.45135000000000 1.11969464789544
6.51429000000000 1.05182674843064
6.57723000000000 1.00906585629147
6.64017000000000 1.18178952132549
6.70311000000000 1.25597768156235
6.76605000000000 1.17688203755547
6.82899000000000 1.41248774401810
6.89193000000000 1.46132185822883
6.95487000000000 1.28051734514715
7.01781000000000 1.27362175582931
7.08075000000000 1.09812697188842
7.14369000000000 1.37554915826403
7.20663000000000 1.24561719813548
7.26957000000000 1.26134952681262
7.33251000000000 1.29464642536581
7.39545000000000 1.23675171078294
7.45839000000000 1.29373175808533
7.52133000000000 1.26521831643334
7.58427000000000 1.20670344028717
7.64721000000000 1.18355947847177
7.71015000000000 1.11469933881312
7.77309000000000 1.18458854151978
7.83603000000000 1.23928832707970
7.89897000000000 1.16919403756982
7.96191000000000 1.05772677507672
8.02485000000000 1.11448108088316
8.08779000000000 1.09720265324082
8.15073000000000 1.00632822547431
8.21367000000000 0.97347712348980
8.27661000000000 0.97882085107289
8.33955000000000 0.99237480650495
8.40249000000000 0.97477843799987
8.46543000000000 1.01247015147447
8.52837000000000 1.01380198664316
8.59131000000000 0.99900222241430
8.65425000000000 0.92939083026181
8.71719000000000 1.04281205841929
8.78013000000000 1.02536434090860
8.84307000000000 1.09631268505714
8.90601000000000 0.99162561319934
8.96895000000000 0.95820181214209
9.03189000000000 1.04131139039915
9.09483000000000 0.98891356677522
9.15777000000000 1.13011274784201
9.22071000000000 1.09160997306122
9.28365000000000 1.01069578355206
9.34659000000000 1.08041130718826
9.40953000000000 1.03713504107533
9.47247000000000 1.01244119943476
9.53541000000000 1.00560758907013
9.59835000000000 1.05649242412397
9.66129000000000 0.97746702818526
9.72423000000000 1.00436386403575
9.78717000000000 1.01817358291139
9.85011000000000 1.03762931129874
9.91305000000000 1.01449010615497
9.97599000000000 1.00568098887427
10.03893000000000 1.02432774880844
10.10187000000000 0.97113921134737
10.16481000000000 1.00292072533578
10.22775000000000 1.05076630671925
10.29069000000000 0.93397133873918
10.35363000000000 1.05471988618413
10.41657000000000 0.95321497920287
10.47951000000000 0.95075183368920
10.54245000000000 0.97835540895546
10.60539000000000 1.01223164513184
10.66833000000000 0.97095271977124
10.73127000000000 1.01935803676436
10.79421000000000 1.01256801072189
10.85715000000000 0.94247852768165
10.92009000000000 1.05531532586479
10.98303000000000 0.99598223220368
11.04597000000000 1.01850717653175
11.10891000000000 1.01018544889362
11.17185000000000 0.90588363271209
11.23479000000000 1.05933608862791
11.29773000000000 1.01983612622272
11.36067000000000 0.98876163110980
11.42361000000000 1.01255202717390
11.48655000000000 0.94932526661657
11.54949000000000 0.98617806281819
11.61243000000000 0.95656055229770
11.67537000000000 1.02416964750685
11.73831000000000 1.05888214264351
11.80125000000000 1.01655610913615
11.86419000000000 1.00719594560588
11.92713000000000 1.01179860528280
11.99007000000000 0.94512558932725
12.05301000000000 0.97182559418945
12.11595000000000 0.88942240800362
12.17889000000000 1.05789464276220
12.24183000000000 1.00243361678340
12.30477000000000 0.97142563359855
12.36771000000000 0.94099532572254
12.43065000000000 0.95566843326173
12.49359000000000 0.93850537409995
12.55653000000000 0.95531036993748
12.61947000000000 0.99766362575974
12.68241000000000 0.94866561752286
12.74535000000000 0.95989710403432
12.80829000000000 0.98764289188062
12.87123000000000 1.02785732146178
12.93417000000000 0.93442629484130
12.99711000000000 0.99407543471414
13.06005000000000 1.00180954583319
13.12299000000000 0.98194673832626
13.18593000000000 0.96015476787087
13.24887000000000 1.02610756235507
13.31181000000000 0.98868645267532
13.37475000000000 0.97500620904110
13.43769000000000 0.95282673010265
13.50063000000000 0.96769722399526
13.56357000000000 0.97476952228553
13.62651000000000 1.01555737755774
13.68945000000000 0.96846704068034
13.75239000000000 0.97209878875878
13.81533000000000 0.96738249337306
13.87827000000000 1.02192394957790
13.94121000000000 0.97730778760983
14.00415000000000 0.96653748985913
14.06709000000000 0.99765495790782
14.13003000000000 1.01340816204221
14.19297000000000 0.99467868526751
14.25591000000000 0.99946050060118
14.31885000000000 0.98685718017727
14.38179000000000 0.97253438123384
14.44473000000000 1.00742812259747
14.50767000000000 0.93704581242305
14.57061000000000 0.98917018690782
14.63355000000000 0.92742163214186
14.69649000000000 0.95591064355045
14.75943000000000 1.00283651386664
14.82237000000000 0.92452844535148
14.88531000000000 0.92560097414570
14.94825000000000 0.98206166107497
15.01119000000000 1.00264007114897
15.07413000000000 0.95620947631333
15.13707000000000 1.02980000763097
15.20001000000000 0.95405443267471
15.26295000000000 0.95464287471585
15.32589000000000 0.99788419868771
15.38883000000000 0.94490111513478
15.45177000000000 0.97510310819481
15.51471000000000 0.93534854632682
15.57765000000000 0.98047563254322
15.64059000000000 1.02967030776172
15.70353000000000 1.00548555787980
