# &RDF
# Name=Na-Na
# Type=NB
# Min=2.910975
# Max=15.723760714285714
# NPoints=571
# AtomTypes=Na, Na
# &Table
 0.0112393  0.0000000
 0.0337179  0.0000000
 0.0561964  0.0000000
 0.0786750  0.0000000
 0.1011536  0.0000000
 0.1236321  0.0000000
 0.1461107  0.0000000
 0.1685893  0.0000000
 0.1910679  0.0000000
 0.2135464  0.0000000
 0.2360250  0.0000000
 0.2585036  0.0000000
 0.2809821  0.0000000
 0.3034607  0.0000000
 0.3259393  0.0000000
 0.3484179  0.0000000
 0.3708964  0.0000000
 0.3933750  0.0000000
 0.4158536  0.0000000
 0.4383321  0.0000000
 0.4608107  0.0000000
 0.4832893  0.0000000
 0.5057679  0.0000000
 0.5282464  0.0000000
 0.5507250  0.0000000
 0.5732036  0.0000000
 0.5956821  0.0000000
 0.6181607  0.0000000
 0.6406393  0.0000000
 0.6631179  0.0000000
 0.6855964  0.0000000
 0.7080750  0.0000000
 0.7305536  0.0000000
 0.7530321  0.0000000
 0.7755107  0.0000000
 0.7979893  0.0000000
 0.8204679  0.0000000
 0.8429464  0.0000000
 0.8654250  0.0000000
 0.8879036  0.0000000
 0.9103821  0.0000000
 0.9328607  0.0000000
 0.9553393  0.0000000
 0.9778179  0.0000000
 1.0002964  0.0000000
 1.0227750  0.0000000
 1.0452536  0.0000000
 1.0677321  0.0000000
 1.0902107  0.0000000
 1.1126893  0.0000000
 1.1351679  0.0000000
 1.1576464  0.0000000
 1.1801250  0.0000000
 1.2026036  0.0000000
 1.2250821  0.0000000
 1.2475607  0.0000000
 1.2700393  0.0000000
 1.2925179  0.0000000
 1.3149964  0.0000000
 1.3374750  0.0000000
 1.3599536  0.0000000
 1.3824321  0.0000000
 1.4049107  0.0000000
 1.4273893  0.0000000
 1.4498679  0.0000000
 1.4723464  0.0000000
 1.4948250  0.0000000
 1.5173036  0.0000000
 1.5397821  0.0000000
 1.5622607  0.0000000
 1.5847393  0.0000000
 1.6072179  0.0000000
 1.6296964  0.0000000
 1.6521750  0.0000000
 1.6746536  0.0000000
 1.6971321  0.0000000
 1.7196107  0.0000000
 1.7420893  0.0000000
 1.7645679  0.0000000
 1.7870464  0.0000000
 1.8095250  0.0000000
 1.8320036  0.0000000
 1.8544821  0.0000000
 1.8769607  0.0000000
 1.8994393  0.0000000
 1.9219179  0.0000000
 1.9443964  0.0000000
 1.9668750  0.0000000
 1.9893536  0.0000000
 2.0118321  0.0000000
 2.0343107  0.0000000
 2.0567893  0.0000000
 2.0792679  0.0000000
 2.1017464  0.0000000
 2.1242250  0.0000000
 2.1467036  0.0000000
 2.1691821  0.0000000
 2.1916607  0.0000000
 2.2141393  0.0000000
 2.2366179  0.0000000
 2.2590964  0.0000000
 2.2815750  0.0000000
 2.3040536  0.0000000
 2.3265321  0.0000000
 2.3490107  0.0000000
 2.3714893  0.0000000
 2.3939679  0.0000000
 2.4164464  0.0000000
 2.4389250  0.0000000
 2.4614036  0.0000000
 2.4838821  0.0000000
 2.5063607  0.0000000
 2.5288393  0.0000000
 2.5513179  0.0000000
 2.5737964  0.0000000
 2.5962750  0.0000000
 2.6187536  0.0000000
 2.6412321  0.0000000
 2.6637107  0.0000000
 2.6861893  0.0000000
 2.7086679  0.0000000
 2.7311464  0.0000000
 2.7536250  0.0000000
 2.7761036  0.0000000
 2.7985821  0.0000000
 2.8210607  0.0000000
 2.8435393  0.0000000
 2.8660179  0.0000000
 2.8884964  0.0000000
 2.9109750  0.0000000
 2.9334536  0.0000000
 2.9559321  0.0000000
 2.9784107  0.1241288
 3.0008893  0.0000000
 3.0233679  0.0000000
 3.0458464  0.1186932
 3.0683250  0.0000000
 3.0908036  0.1152655
 3.1132821  0.0000000
 3.1357607  0.0000000
 3.1582393  0.0000000
 3.1807179  0.1088408
 3.2031964  0.0000000
 3.2256750  0.4233124
 3.2481536  0.4174737
 3.2706321  0.4117549
 3.2931107  0.5076911
 3.3155893  0.6009967
 3.3380679  0.4941081
 3.3605464  0.6825281
 3.3830250  0.7697008
 3.4055036  0.6646266
 3.4279821  0.9370554
 3.4504607  1.0173746
 3.4729393  0.7303618
 3.4954179  1.0814974
 3.5178964  0.8897671
 3.5403750  0.7906540
 3.5628536  0.9541996
 3.5853321  0.9422723
 3.6078107  1.3535523
 3.6302893  1.3368419
 3.6527679  1.2379117
 3.6752464  1.1412944
 3.6977250  1.2885265
 3.7202036  0.9547517
 3.7426821  1.2577569
 3.7651607  0.9320879
 3.7876393  0.9210574
 3.8101179  0.9860733
 3.8325964  0.8995758
 3.8550750  0.7409298
 3.8775536  1.6112012
 3.9000321  0.4343678
 3.9225107  1.0019418
 3.9449893  0.9198022
 3.9674679  0.4896818
 3.9899464  0.8300226
 4.0124250  0.3419786
 4.0349036  0.8116293
 4.0573821  0.8695496
 4.0798607  0.9261476
 4.1023393  0.5234433
 4.1248179  0.8413499
 4.1472964  0.7682348
 4.1697750  0.3799871
 4.1922536  0.5638847
 4.2147321  0.6198733
 4.2372107  0.4906511
 4.2596893  0.4248006
 4.2821679  0.6005035
 4.3046464  0.5348235
 4.3271250  0.4704723
 4.3496036  0.1746083
 4.3720821  0.5184524
 4.3945607  0.2280720
 4.4170393  0.3386349
 4.4395179  0.6145597
 4.4619964  0.3871530
 4.4844750  0.6022995
 4.5069536  0.4336775
 4.5294321  0.3757107
 4.5519107  0.2125767
 4.5743893  0.3157389
 4.5968679  0.5210976
 4.6193464  0.3096230
 4.6418250  0.3577368
 4.6643036  0.3036832
 4.6867821  0.4010362
 4.7092607  0.2482605
 4.7317393  0.2950888
 4.7542179  0.3410225
 4.7766964  0.2895604
 4.7991750  0.3346632
 4.8216536  0.1420929
 4.8441321  0.3284802
 4.8666107  0.1394798
 4.8890893  0.2303336
 4.9115679  0.3195221
 4.9340464  0.3618484
 4.9565250  0.2689304
 4.9790036  0.3109255
 5.0014821  0.3521565
 5.0239607  0.1745061
 5.0464393  0.3026712
 5.0689179  0.2571366
 5.0913964  0.3823067
 5.1138750  0.3789532
 5.1363536  0.4173817
 5.1588321  0.4551276
 5.1813107  0.5332211
 5.2037893  0.2033171
 5.2262679  0.3628294
 5.2487464  0.4396679
 5.2712250  0.3566668
 5.2937036  0.6287008
 5.3161821  0.4675465
 5.3386607  0.6567916
 5.3611393  0.5746725
 5.3836179  0.4938991
 5.4060964  0.4521234
 5.4285750  0.5231180
 5.4510536  0.6299866
 5.4735321  0.6983314
 5.4960107  0.6561765
 5.5184893  0.8677891
 5.5409679  0.6097067
 5.5634464  1.1028520
 5.5859250  0.8822530
 5.6084036  0.5951326
 5.6308821  0.8682214
 5.6533607  0.6890646
 5.6758393  1.1621498
 5.6983179  0.6104113
 5.7207964  0.7738526
 5.7432750  0.9013385
 5.7657536  1.1593092
 5.7882321  1.0845896
 5.8107107  1.0436019
 5.8331893  1.0679359
 5.8556679  0.9312977
 5.8781464  1.4659543
 5.9006250  1.0436655
 5.9231036  0.9415991
 5.9455821  0.9344927
 5.9680607  0.9274665
 5.9905393  0.7977833
 6.0130179  1.4009295
 6.0354964  0.7557140
 6.0579750  1.1401765
 6.0804536  1.1019787
 6.1029321  1.0643118
 6.1254107  1.3499909
 6.1478893  0.9614027
 6.1703679  1.3593122
 6.1928464  1.3207502
 6.2153250  0.7981303
 6.2378036  0.8489876
 6.2602821  1.0395787
 6.2827607  1.2553214
 6.3052393  0.9971094
 6.3277179  0.7700294
 6.3501964  0.9557344
 6.3726750  0.9490039
 6.3951536  0.9423442
 6.4176321  0.6416602
 6.4401107  0.7699364
 6.4625893  0.8436851
 6.4850679  0.8116637
 6.5075464  0.9100746
 6.5300250  0.9038198
 6.5525036  1.1284483
 6.5749821  1.0188596
 6.5974607  0.9866304
 6.6199393  0.9045613
 6.6424179  0.9982771
 6.6648964  1.0411325
 6.6873750  0.8371651
 6.7098536  0.8315653
 6.7323321  0.8017268
 6.7548107  0.7963997
 6.7772893  0.8150991
 6.7997679  1.0240563
 6.8222464  0.7334161
 6.8447250  0.7991172
 6.8672036  0.8639437
 6.8896821  0.6959314
 6.9121607  0.7836007
 6.9346393  0.8014268
 6.9571179  0.6370050
 6.9795964  0.8137396
 7.0020750  0.6737694
 7.0245536  0.6248333
 7.0470321  0.8204135
 7.0695107  0.5287813
 7.0919893  0.7005795
 7.1144679  0.5221196
 7.1369464  0.6701629
 7.1594250  0.7518918
 7.1819036  0.8752826
 7.2043821  0.5728143
 7.2268607  0.7590086
 7.2493393  0.7333559
 7.2718179  0.7496527
 7.2942964  0.7450395
 7.3167750  0.8021744
 7.3392536  0.6337260
 7.3617321  0.6298618
 7.3842107  0.7068113
 7.4066893  0.7627443
 7.4291679  0.9576449
 7.4516464  0.6147532
 7.4741250  0.7884658
 7.4966036  0.7837445
 7.5190821  0.6816823
 7.5415607  0.7550675
 7.5640393  0.8083238
 7.5865179  0.6887493
 7.6089964  0.6656668
 7.6314750  0.5672153
 7.6539536  0.6578699
 7.6764321  0.7848273
 7.6989107  0.6873640
 7.7213893  0.7018371
 7.7438679  0.8446671
 7.7663464  1.0040904
 7.7888250  0.9075483
 7.8113036  0.7940526
 7.8337821  0.6818428
 7.8562607  0.8385129
 7.8787393  0.9046912
 7.9012179  0.6878919
 7.9236964  0.8067627
 7.9461750  0.8545224
 7.9686536  1.0231181
 7.9911321  0.7932039
 8.0136107  0.8059072
 8.0360893  0.8525584
 8.0585679  0.9495459
 8.0810464  0.8768227
 8.1035250  1.0899562
 8.1260036  0.9505271
 8.1484821  1.1277144
 8.1709607  0.8906174
 8.1934393  1.1973856
 8.2159179  0.9298360
 8.2383964  0.7625286
 8.2608750  0.8229278
 8.2833536  1.0431449
 8.3058321  0.8778899
 8.3283107  0.8572818
 8.3507893  0.8684630
 8.3732679  0.8323952
 8.3957464  0.7967007
 8.4182250  0.9167578
 8.4407036  0.8346034
 8.4631821  0.8455494
 8.4856607  1.0857522
 8.5081393  0.9583299
 8.5306179  0.6052610
 8.5530964  0.8429173
 8.5755750  0.8385041
 8.5980536  0.8639157
 8.6205321  0.9038688
 8.6430107  0.8991733
 8.6654893  1.0118278
 8.6879679  0.9774219
 8.7104464  0.8707914
 8.7329250  0.8807529
 8.7554036  0.9480588
 8.7778821  0.8574631
 8.8003607  0.7962158
 8.8228393  0.8063096
 8.8453179  0.8162906
 8.8677964  0.7561467
 8.8902750  0.8637837
 8.9127536  0.7762613
 8.9352321  0.8826977
 8.9577107  0.8782732
 8.9801893  1.0104258
 9.0026679  0.7064877
 9.0251464  0.8246412
 9.0476250  0.7801938
 9.0701036  0.9101818
 9.0925821  0.9722817
 9.1150607  0.8614656
 9.1375393  0.7912914
 9.1600179  0.9055244
 9.1824964  0.9010964
 9.2049750  0.7667442
 9.2274536  0.9699319
 9.2499321  0.7979181
 9.2724107  0.8837054
 9.2948893  0.7902181
 9.3173679  0.7103056
 9.3398464  1.0603361
 9.3623250  1.0050005
 9.3848036  0.8626655
 9.4072821  0.7838915
 9.4297607  0.7925421
 9.4522393  0.9489974
 9.4747179  0.8463700
 9.4971964  1.0132835
 9.5196750  0.8748468
 9.5421536  0.7135147
 9.5646321  0.8425685
 9.5871107  1.1021890
 9.6095893  0.8704763
 9.6320679  1.0325805
 9.6545464  0.9096424
 9.6770250  0.8701452
 9.6995036  0.9948639
 9.7219821  1.0368695
 9.7444607  0.9625121
 9.7669393  0.9350004
 9.7894179  0.9307114
 9.8118964  0.8006374
 9.8343750  0.7400543
 9.8568536  1.0200223
 9.8793321  0.9589755
 9.9018107  0.9883191
 9.9242893  0.7602455
 9.9467679  0.8681093
 9.9692464  1.0193115
 9.9917250  0.9044335
10.0142036  0.9333184
10.0366821  0.8416938
10.0591607  1.1099935
10.0816393  0.8450376
10.1041179  0.9922812
10.1265964  0.9986187
10.1490750  0.9728194
10.1715536  0.8727363
10.1940321  0.8794879
10.2165107  0.8228737
10.2389893  1.1343664
10.2614679  0.9934554
10.2839464  0.7912938
10.3064250  0.9951737
10.3289036  1.0630961
10.3513821  0.9968248
10.3738607  0.9720454
10.3963393  0.8252165
10.4188179  1.0042505
10.4412964  1.0807337
10.4637750  0.8950700
10.4862536  1.0815007
10.5087321  0.9871390
10.5312107  1.1020724
10.5536893  1.0281785
10.5761679  0.8663029
10.5986464  0.9606585
10.6211250  0.9956413
10.6436036  1.0400403
10.6660821  1.1227729
10.6885607  0.9252872
10.7110393  0.8830156
10.7335179  0.9653415
10.7559964  0.9232392
10.7784750  1.1184360
10.8009536  0.8494975
10.8234321  0.9023708
10.8459107  0.7863050
10.8683893  0.8669546
10.8908679  1.0583362
10.9133464  0.8690720
10.9358250  0.9667852
10.9583036  0.8344465
10.9807821  1.0319429
11.0032607  1.0823007
11.0257393  0.9057917
11.0482179  1.0013417
11.0706964  0.8625120
11.0931750  1.0111382
11.1156536  1.1050844
11.1381321  0.8520995
11.1606107  0.8575108
11.1830893  1.0565777
11.2055679  0.9734172
11.2280464  0.9869925
11.2505250  0.8438591
11.2730036  0.9618060
11.2954821  0.8026333
11.3179607  0.9455840
11.3404393  0.8647796
11.3629179  0.9892864
11.3853964  1.0278574
11.4078750  0.9899657
11.4303536  1.0029319
11.4528321  1.0157887
11.4753107  0.8947437
11.4977893  1.0744960
11.5202679  0.8960710
11.5427464  0.9256430
11.5652250  0.8891180
11.5877036  0.9758791
11.6101821  0.7923872
11.6326607  0.9683506
11.6551393  0.9727251
11.6776179  0.9689838
11.7000964  1.0296151
11.7225750  1.0016310
11.7450536  1.0536776
11.7675321  0.9621846
11.7900107  0.9585191
11.8124893  0.8759593
11.8349679  0.9905586
11.8574464  0.8458342
11.8799250  0.9674713
11.9024036  0.7695018
11.9248821  1.0685989
11.9473607  1.0182954
11.9698393  0.9145641
11.9923179  0.9494219
12.0147964  0.9687566
12.0372750  1.0259382
12.0597536  0.8706925
12.0822321  0.9881452
12.1047107  0.8567218
12.1271893  1.1006287
12.1496679  0.9921256
12.1721464  0.9067119
12.1946250  0.8589441
12.2171036  0.9812032
12.2395821  0.9776024
12.2620607  1.0106388
12.2845393  0.8828998
12.3070179  0.9378381
12.3294964  0.9126908
12.3519750  0.8877202
12.3744536  0.8413518
12.3969321  0.9816031
12.4194107  0.8138544
12.4418893  1.1025616
12.4643679  1.0206240
12.4868464  0.9392688
12.5093250  0.8162704
12.5318036  0.8554143
12.5542821  1.0060569
12.5767607  0.9885407
12.5992393  1.0127635
12.6217179  0.8916545
12.6441964  0.8953745
12.6666750  0.9059255
12.6891536  0.9505902
12.7116321  1.1107819
12.7341107  0.9642617
12.7565893  1.1232664
12.7790679  0.9237746
12.8015464  1.1624253
12.8240250  1.1449624
12.8465036  0.9674799
12.8689821  0.8577192
12.8914607  0.9806212
12.9139393  1.0234298
12.9364179  1.1514731
12.9588964  1.1605960
12.9813750  0.9148091
13.0038536  1.0353729
13.0263321  0.9409521
13.0488107  1.0088499
13.0712893  1.0311621
13.0937679  0.8349451
13.1162464  1.1393173
13.1387250  0.9313014
13.1612036  1.0997620
13.1836821  0.9883141
13.2061607  0.9470697
13.2286393  1.0004851
13.2511179  0.8465889
13.2735964  0.9874695
13.2960750  1.0028196
13.3185536  0.9125298
13.3410321  0.8908969
13.3635107  1.0728820
13.3859893  0.9709570
13.4084679  0.9677042
13.4309464  0.8423832
13.4534250  1.1255112
13.4759036  1.0429332
13.4983821  0.9729853
13.5208607  1.0119159
13.5433393  0.9245130
13.5658179  0.9094848
13.5882964  0.9780423
13.6107750  0.9510385
13.6332536  1.0960151
13.6557321  0.9093573
13.6782107  0.9063710
13.7006893  0.9151317
13.7231679  1.0115356
13.7456464  1.0198858
13.7681250  1.0107494
13.7906036  1.0074570
13.8130821  0.9291558
13.8355607  0.9721584
13.8580393  1.0091435
13.8805179  0.9830168
13.9029964  1.0994724
13.9254750  1.0107501
13.9479536  1.0131550
13.9704321  1.0381067
13.9929107  0.9335462
14.0153893  0.9137368
14.0378679  1.0560959
14.0603464  0.9134729
14.0828250  0.9050069
14.1053036  0.9242627
14.1277821  0.9820099
14.1502607  0.9513954
14.1727393  0.9100062
14.1952179  0.9180556
14.2176964  0.8497868
14.2401750  1.0588826
14.2626536  1.1042651
14.2851321  0.9712876
14.3076107  0.9198261
14.3300893  0.9652028
14.3525679  1.0316727
14.3750464  0.9165450
14.3975250  0.9296216
14.4200036  0.9690902
14.4424821  1.0769371
14.4649607  0.9525503
14.4874393  0.9705822
14.5099179  1.0407994
14.5323964  0.9072326
14.5548750  0.9304219
14.5773536  0.9327365
14.5998321  0.9556962
14.6223107  1.0454611
14.6447893  1.0422542
14.6672679  1.0032322
14.6897464  1.0971189
14.7122250  1.0072849
14.7347036  0.9534960
14.7571821  1.0062133
14.7796607  0.9628271
14.8021393  0.8443143
14.8246179  0.9068917
14.8470964  0.7942513
14.8695750  1.0010201
14.8920536  0.9731746
14.9145321  0.9801438
14.9370107  0.9081013
14.9594893  0.8906127
14.9819679  1.0351150
15.0044464  1.0760355
15.0269250  0.9704132
15.0494036  0.8556929
15.0718821  0.9840222
15.0943607  0.8312714
15.1168393  1.0649130
15.1393179  1.0905789
15.1617964  1.0346567
15.1842750  0.9313016
15.2067536  0.9571211
15.2292321  1.0397573
15.2517107  0.9988245
15.2741893  0.9109296
15.2966679  0.8753125
15.3191464  1.0041267
15.3416250  0.9590804
15.3641036  1.0122532
15.3865821  1.0232511
15.4090607  1.0341806
15.4315393  1.0034254
15.4540179  1.0650574
15.4764964  1.0113960
15.4989750  0.9397055
15.5214536  0.9964043
15.5439321  0.9707372
15.5664107  1.0951760
15.5888893  0.8971782
15.6113679  0.9533325
15.6338464  0.8920257
15.6563250  1.0691562
15.6788036  0.9541082
15.7012821  0.9379786
15.7237607  0.8773992
# &EndTable
# &ENDRDF
