0.01123928571429 0.00000000000000
0.03371785714286 0.00000000000000
0.05619642857143 0.00000000000000
0.07867500000000 0.00000000000000
0.10115357142857 0.00000000000000
0.12363214285714 0.00000000000000
0.14611071428571 0.00000000000000
0.16858928571429 0.00000000000000
0.19106785714286 0.00000000000000
0.21354642857143 0.00000000000000
0.23602500000000 0.00000000000000
0.25850357142857 0.00000000000000
0.28098214285714 0.00000000000000
0.30346071428571 0.00000000000000
0.32593928571429 0.00000000000000
0.34841785714286 0.00000000000000
0.37089642857143 0.00000000000000
0.39337500000000 0.00000000000000
0.41585357142857 0.00000000000000
0.43833214285714 0.00000000000000
0.46081071428571 0.00000000000000
0.48328928571429 0.00000000000000
0.50576785714286 0.00000000000000
0.52824642857143 0.00000000000000
0.55072500000000 0.00000000000000
0.57320357142857 0.00000000000000
0.59568214285714 0.00000000000000
0.61816071428571 0.00000000000000
0.64063928571429 0.00000000000000
0.66311785714286 0.00000000000000
0.68559642857143 0.00000000000000
0.70807500000000 0.00000000000000
0.73055357142857 0.00000000000000
0.75303214285714 0.00000000000000
0.77551071428571 0.00000000000000
0.79798928571429 0.00000000000000
0.82046785714286 0.00000000000000
0.84294642857143 0.00000000000000
0.86542500000000 0.00000000000000
0.88790357142857 0.00000000000000
0.91038214285714 0.00000000000000
0.93286071428571 0.00000000000000
0.95533928571429 0.00000000000000
0.97781785714286 0.00000000000000
1.00029642857143 0.00000000000000
1.02277500000000 0.00000000000000
1.04525357142857 0.00000000000000
1.06773214285714 0.00000000000000
1.09021071428571 0.00000000000000
1.11268928571429 0.00000000000000
1.13516785714286 0.00000000000000
1.15764642857143 0.00000000000000
1.18012500000000 0.00000000000000
1.20260357142857 0.00000000000000
1.22508214285714 0.00000000000000
1.24756071428571 0.00000000000000
1.27003928571429 0.00000000000000
1.29251785714286 0.00000000000000
1.31499642857143 0.00000000000000
1.33747500000000 0.00000000000000
1.35995357142857 0.00000000000000
1.38243214285714 0.00000000000000
1.40491071428571 0.00000000000000
1.42738928571429 0.00000000000000
1.44986785714286 0.00000000000000
1.47234642857143 0.00000000000000
1.49482500000000 0.00000000000000
1.51730357142857 0.00000000000000
1.53978214285714 0.00000000000000
1.56226071428571 0.00000000000000
1.58473928571429 0.00000000000000
1.60721785714286 0.00000000000000
1.62969642857143 0.00000000000000
1.65217500000000 0.00000000000000
1.67465357142857 0.00000000000000
1.69713214285714 0.00000000000000
1.71961071428571 0.00000000000000
1.74208928571429 0.00000000000000
1.76456785714286 0.00000000000000
1.78704642857143 0.00000000000000
1.80952500000000 0.00000000000000
1.83200357142857 0.00000000000000
1.85448214285714 0.00000000000000
1.87696071428571 0.00000000000000
1.89943928571429 0.00000000000000
1.92191785714286 0.00000000000000
1.94439642857143 0.00000000000000
1.96687500000000 0.00000000000000
1.98935357142857 0.00000000000000
2.01183214285714 0.00000000000000
2.03431071428571 0.00000000000000
2.05678928571429 0.00000000000000
2.07926785714286 0.00000000000000
2.10174642857143 0.00000000000000
2.12422500000000 0.00000000000000
2.14670357142857 0.00000000000000
2.16918214285714 0.00000000000000
2.19166071428571 0.00000000000000
2.21413928571429 0.00000000000000
2.23661785714286 0.00000000000000
2.25909642857143 0.00000000000000
2.28157500000000 0.00000000000000
2.30405357142857 0.00000000000000
2.32653214285714 0.00000000000000
2.34901071428571 0.00000000000000
2.37148928571429 0.00000000000000
2.39396785714286 0.00000000000000
2.41644642857143 0.00000000000000
2.43892500000000 0.00000000000000
2.46140357142857 0.00000000000000
2.48388214285714 0.00000000000000
2.50636071428571 0.00000000000000
2.52883928571429 0.00000000000000
2.55131785714286 0.00000000000000
2.57379642857143 0.00000000000000
2.59627500000000 0.08167889325248
2.61875357142857 0.40141353572924
2.64123214285714 0.39461008074283
2.66371071428571 0.62076501756261
2.68618928571429 1.29714074780181
2.70866785714286 2.10115441867748
2.73114642857143 3.17387613599639
2.75362500000000 3.26749137938620
2.77610357142857 2.85759205092772
2.79858214285714 3.23365229555159
2.82106071428571 3.73577349241930
2.84353928571429 3.54076054151664
2.86601785714286 3.41840965223261
2.88849642857143 4.28925074481170
2.91097500000000 2.92379786544865
2.93345357142857 2.87916060379689
2.95593214285714 2.39445414153834
2.97841071428571 2.66877010072096
3.00088928571429 1.95641931620326
3.02336785714286 1.74673874848201
3.04584642857143 1.78039849686325
3.06832500000000 1.34504593623490
3.09080357142857 1.09502192828316
3.11328214285714 0.68164199423584
3.13576071428571 0.55992034854790
3.15823928571429 0.33118701003267
3.18071785714286 0.59862455017618
3.20319642857143 0.75123022071940
3.22567500000000 0.47622640920921
3.24815357142857 0.26092104107992
3.27063214285714 0.20587746921683
3.29311071428571 0.40615291743457
3.31558928571429 0.35058139251409
3.33806785714286 0.09882162089749
3.36054642857143 0.19500803787311
3.38302500000000 0.09621259398265
3.40550357142857 0.14241998577592
3.42798214285714 0.37482216879789
3.45046071428571 0.09248860432208
3.47293928571429 0.22823804910262
3.49541785714286 0.18024956848444
3.51789642857143 0.22244178360967
3.54037500000000 0.04392522053316
3.56285357142857 0.08674541873386
3.58533214285714 0.04283055760351
3.60781071428571 0.04229850787202
3.63028928571429 0.16710524297967
3.65276785714286 0.16505489778248
3.67524642857143 0.08152102913719
3.69772500000000 0.12079936143399
3.72020357142857 0.11934396515282
3.74268214285714 0.15721961772614
3.76516071428571 0.19418497230913
3.78763928571429 0.03837739045584
3.81011785714286 0.03792589698295
3.83259642857143 0.22489394596031
3.85507500000000 0.11113946485683
3.87755357142857 0.03661820998171
3.90003214285714 0.25338120974014
3.92251071428571 0.03578363659793
3.94498928571429 0.10613102629379
3.96746785714286 0.24484090980882
3.98994642857143 0.27667419137803
4.01242500000000 0.27358289197129
4.03490357142857 0.13527155675433
4.05738214285714 0.06688842935631
4.07986071428571 0.39692039465217
4.10233928571429 0.26172167350414
4.12481785714286 0.45303457651687
4.14729642857143 0.41612717099468
4.16977500000000 0.31665594509958
4.19225357142857 0.34459621125123
4.21473214285714 0.65086699147624
4.23721071428571 0.58264818663088
4.25968928571429 0.42480060350322
4.28216785714286 1.05088117625458
4.30464642857143 0.83194767746812
4.32712500000000 1.20558528421734
4.34960357142857 0.90214285605938
4.37208214285714 0.95049600907823
4.39456071428571 0.96930615948888
4.41703928571429 1.18522217812974
4.43951785714286 1.36879206245154
4.46199642857143 1.32738168948674
4.48447500000000 1.53312598105560
4.50695357142857 1.54497596413692
4.52943214285714 1.36866042452184
4.55191071428571 2.01947825133654
4.57438928571429 1.94705645683214
4.59686785714286 1.74567679294324
4.61934642857143 2.08995548172685
4.64182500000000 1.55871028163177
4.66430357142857 2.17639607699792
4.68678214285714 1.87985710462832
4.70926071428571 2.45777906827541
4.73173928571429 2.38530128958013
4.75421785714286 1.99741738580083
4.77669642857143 2.19583269828545
4.79917500000000 2.29483363246228
4.82165357142857 2.17875789345067
4.84413214285714 2.41667596160178
4.86661071428571 2.55712899972496
4.88908928571429 2.48760255202340
4.91156785714286 2.46488487911224
4.93404642857143 2.01278196380485
4.95652500000000 2.68930364129479
4.97900357142857 2.57623998366343
5.00148214285714 2.61916419741610
5.02396071428571 2.72665857021818
5.04643928571429 2.68080239132234
5.06891785714286 2.22851756221316
5.09139642857143 2.52747209312144
5.11387500000000 2.52635438125382
5.13635357142857 2.48342120594777
5.15883214285714 2.99970440725226
5.18131071428571 2.15339293699165
5.20378928571429 2.39914152179220
5.22626785714286 2.70106316397649
5.24874642857143 2.33823390697590
5.27122500000000 2.35796380840294
5.29370357142857 2.25939358153041
5.31618214285714 2.59098697385559
5.33866071428571 2.24081831517424
5.36113928571429 2.31784554905598
5.38361785714286 2.35551863581877
5.40609642857143 2.27945545155777
5.42857500000000 1.86827858216549
5.45105357142857 2.37171442031617
5.47353214285714 1.85609139839668
5.49601071428571 1.78625833865114
5.51848928571429 1.77173599345192
5.54096785714286 1.90085044247200
5.56344642857143 1.35188304339235
5.58592500000000 1.23515424021778
5.60840357142857 1.52283937358623
5.63088214285714 1.56279854458767
5.65336071428571 1.25754297359569
5.67583928571429 1.48686810647100
5.69831785714286 1.47516054431368
5.72079642857143 1.22807037193261
5.74327500000000 1.01817867657083
5.76575357142857 0.91088578850201
5.78823214285714 0.90382469385610
5.81071071428571 1.02729562557439
5.83318928571429 1.06793593305941
5.85566785714286 0.86707027320970
5.87814642857143 0.97199145100005
5.90062500000000 0.94878680339712
5.92310357142857 0.80035920022723
5.94558214285714 1.15254097811357
5.96806071428571 1.06658642600246
5.99053928571429 1.21201691468760
6.01301785714286 1.00501462778787
6.03549642857143 0.92197103805910
6.05797500000000 1.03516023191948
6.08045357142857 0.98284589443169
6.10293214285714 0.81301593255386
6.12541071428571 0.77771216957228
6.14788928571429 0.85943570487815
6.17036785714286 0.89656759397288
6.19284642857143 0.99056261541744
6.21532500000000 0.89789660735021
6.23780357142857 0.99048549721029
6.26028214285714 1.02553035640408
6.28276071428571 0.83688096232500
6.30523928571429 0.92786573569614
6.32771785714286 1.18254512474285
6.35019642857143 1.06496116421372
6.37267500000000 1.11169026208154
6.39515357142857 0.99619247522848
6.41763214285714 1.22984869317546
6.44011071428571 1.14162976551895
6.46258928571429 1.05460633768172
6.48506785714286 1.21749561179248
6.50754642857143 1.02708420187543
6.53002500000000 1.03293694360175
6.55250357142857 1.07715516382206
6.57498214285714 0.95518089061909
6.59746071428571 0.97398130221698
6.61993928571429 1.13070163386579
6.64241785714286 1.07314792991989
6.66489642857143 1.32620449763875
6.68737500000000 1.14494631938862
6.70985357142857 1.30849246594272
6.73233214285714 1.40909559784419
6.75481071428571 1.07393297858006
6.77728928571429 1.16271487613144
6.79976785714286 1.39319284079545
6.82224642857143 1.44317359020549
6.84472500000000 1.42195846797271
6.86720357142857 1.44768939848184
6.88968214285714 1.47305480074976
6.91216071428571 1.35977768613837
6.93463928571429 1.46546610645867
6.95711785714286 1.22850971942405
6.97959642857143 1.17540160851769
7.00207500000000 1.22401446104723
7.02455357142857 1.26082425620081
7.04703214285714 1.27496689296012
7.06951071428571 1.21179050572513
7.09198928571428 0.98518988556456
7.11446785714286 1.20740150986860
7.13694642857143 1.30789860891596
7.15942500000000 1.45007700015366
7.18190357142857 1.11011452624952
7.20438214285714 1.41082045181592
7.22686071428571 1.25447260748126
7.24933928571429 1.20479894970695
7.27181785714286 1.35353958755968
7.29429642857143 1.18999358497951
7.31677500000000 1.25468304456055
7.33925357142857 1.34922303222002
7.36173214285714 1.24956453661935
7.38421071428571 1.32274685710417
7.40668928571429 1.17422471289679
7.42916785714286 1.44644281684372
7.45164642857143 1.18984496468634
7.47412500000000 1.24183370873987
7.49660357142857 1.33236566460758
7.51908214285714 1.17833649439408
7.54156071428571 1.29716718512118
7.56403928571429 1.20286276698701
7.58651785714286 1.18617929459681
7.60899642857143 1.26476693979015
7.63147500000000 1.21951280522821
7.65395357142857 1.20296211648451
7.67643214285714 1.07446590701213
7.69891071428571 1.07748952024605
7.72138928571429 1.14510265460843
7.74386785714286 1.16600789047020
7.76634642857143 1.21403654523890
7.78882500000000 1.11628440610980
7.81130357142857 1.26326552412723
7.83378214285714 1.22911135287500
7.85626071428571 1.23992857755386
7.87873928571429 1.03773400550352
7.90121785714286 1.19940120977782
7.92369642857143 1.32414315303977
7.94617500000000 1.02891478351926
7.96865357142857 0.93641317250852
7.99113214285714 1.05185738391948
8.01361071428571 1.13169944755437
8.03608928571428 1.12537712076133
8.05856785714286 1.15301997892096
8.08104642857143 1.07916642719316
8.10352500000000 1.16541474750806
8.12600357142857 1.10061031015462
8.14848214285714 0.99504214262351
8.17096071428571 0.91535677500380
8.19343928571429 0.95954876289218
8.21591785714286 0.89721014882395
8.23839642857143 1.06267287216653
8.26087500000000 0.97621829263778
8.28335357142857 0.97895134088722
8.30583214285714 0.96567890751935
8.32831071428571 1.09541560615509
8.35078928571428 0.90793857430281
8.37326785714286 1.03656762878136
8.39574642857143 0.92948420799662
8.41822500000000 0.92452697066921
8.44070357142857 1.09734889547250
8.46318214285714 0.98391204922614
8.48566071428571 0.99399846156890
8.50813928571429 1.05720523695038
8.53061785714286 1.04407524906514
8.55309642857143 0.93322988704803
8.57557500000000 0.97326374294644
8.59805357142857 0.98307653636591
8.62053214285714 1.03722643996049
8.64301071428571 0.86969225008327
8.66548928571429 0.87251816817593
8.68796785714286 1.09412904254324
8.71044642857143 0.95787050888116
8.73292500000000 1.14064716842975
8.75540357142857 1.04861054087986
8.77788214285714 1.00037365900800
8.80036071428571 1.01659693121529
8.82283928571429 1.08215233169944
8.84531785714286 1.13999207768529
8.86779642857143 1.02919960990478
8.89027500000000 0.89861368684936
8.91275357142857 1.03270476455784
8.93523214285714 1.10337213887460
8.95771071428571 0.98805731676377
8.98018928571429 0.95580823381749
9.00266785714286 0.93745481864405
9.02514642857143 1.01390312387667
9.04762500000000 1.12321011072654
9.07010357142857 0.94364433723675
9.09258214285714 0.97228169294606
9.11506071428571 0.99399877157423
9.13753928571428 1.03527293235314
9.16001785714286 1.21392766825843
9.18249642857143 1.17534318178238
9.20497500000000 0.99416834003390
9.22745357142857 1.18331692931773
9.24993214285714 1.02313692189194
9.27241071428571 0.99897128709044
9.29488928571429 1.08336352053092
9.31736785714286 0.95130220733449
9.33984642857143 1.12345132879461
9.36232500000000 1.04896929732349
9.38480357142857 1.20648150184540
9.40728214285714 0.92076141129959
9.42976071428571 1.02163634351468
9.45223928571428 1.05375689966394
9.47471785714286 1.03649656891991
9.49719642857143 0.95834647311604
9.51967500000000 1.02672987579181
9.54215357142857 0.96143086474191
9.56463214285714 0.99904553948781
9.58711071428571 1.10817917411475
9.60958928571429 1.01356828083618
9.63206785714286 1.00290865860303
9.65454642857143 1.01005751376939
9.67702500000000 0.98185304223486
9.69950357142857 0.97730743443644
9.72198214285714 0.96696821067868
9.74446071428571 1.06108266463791
9.76693928571428 1.09660538322570
9.78941785714286 0.93645652641788
9.81189642857143 0.99507791628228
9.83437500000000 1.15562322098724
9.85685357142857 1.04268941605275
9.87933214285714 0.92512928265919
9.90181071428571 0.98270363498321
9.92428928571429 1.08446778195478
9.94676785714286 1.01835894071339
9.96924642857143 1.04147042763776
9.99172500000000 0.92097805754149
10.01420357142857 1.08155137276759
10.03668214285714 0.96740133905899
10.05916071428571 1.03381746978110
10.08163928571429 0.94254197351792
10.10411785714286 0.95453140335292
10.12659642857143 1.00398763333287
10.14907500000000 0.97816457107828
10.17155357142857 1.10688503777068
10.19403214285714 0.97485402704073
10.21651071428571 1.00221794917780
10.23898928571429 1.09760448982830
10.26146785714286 0.98822672061843
10.28394642857143 0.96829368685371
10.30642500000000 0.85004422594591
10.32890357142857 1.07341746684489
10.35138214285714 1.01737784592401
10.37386071428571 1.07948198868909
10.39633928571429 0.89143756488441
10.41881785714286 0.92817094663733
10.44129642857143 1.09083401669633
10.46377500000000 0.96044025727925
10.48625357142857 0.94130618568439
10.50873214285714 0.90238466150025
10.53121071428571 0.96803660938379
10.55368928571428 0.99851947077038
10.57616785714286 0.99427947940211
10.59864642857143 0.99986907506845
10.62112500000000 1.03956665686326
10.64360357142857 1.00602029755786
10.66608214285714 0.99694489058813
10.68856071428571 0.90601037817902
10.71103928571429 1.11816650190455
10.73351785714286 0.97012043573654
10.75599642857143 0.98986465789330
10.77847500000000 0.98574022779826
10.80095357142857 1.04299411685925
10.82343214285714 0.98226817399356
10.84591071428571 0.91267540321385
10.86838928571428 0.93687030024704
10.89086785714286 1.02120160732021
10.91334642857143 1.06784909438857
10.93582500000000 1.04965246667264
10.95830357142857 0.91697422660943
10.98078214285714 0.99998008948465
11.00326071428571 1.07775321860803
11.02573928571429 1.00089985340988
11.04821785714286 0.94270458158594
11.07069642857143 1.06017097457548
11.09317500000000 0.99771597555144
11.11565357142857 1.04270064780600
11.13813214285714 1.06068630549125
11.16061071428571 0.80004874485145
11.18308928571428 0.95532236097403
11.20556785714286 1.03041914014424
11.22804642857143 0.95205467345392
11.25052500000000 1.10919626407505
11.27300357142857 1.00946305327558
11.29548214285714 1.02271022097825
11.31796071428571 1.05303672507726
11.34043928571429 1.02317976672321
11.36291785714286 0.88268228335514
11.38539642857143 1.04909408551649
11.40787500000000 0.97304321381759
11.43035357142857 0.97764786507314
11.45283214285714 1.06615838373771
11.47531071428571 0.94073523823299
11.49778928571429 1.03701361545211
11.52026785714286 0.85043771050103
11.54274642857143 1.00828967279217
11.56522500000000 0.95497854755820
11.58770357142857 1.06608638832011
11.61018214285714 0.88633004690401
11.63266071428571 0.98462543059041
11.65513928571428 1.00109622337975
11.67761785714286 1.02954531903481
11.70009642857143 1.02961506843404
11.72257500000000 1.08576805052462
11.74505357142857 1.03372154442826
11.76753214285714 1.02580007785524
11.79001071428571 1.09318708249798
11.81248928571429 0.96671184147292
11.83496785714286 1.05738202716507
11.85744642857143 0.99072241503332
11.87992500000000 0.95966911923801
11.90240357142857 1.11150264619205
11.92488214285714 0.99116415150170
11.94736071428571 0.95658053816287
11.96983928571428 0.92609217901752
11.99231785714286 0.98770501097856
12.01479642857143 0.90391860637593
12.03727500000000 0.95374257678739
12.05975357142857 0.94261922823995
12.08223214285714 1.03717527986096
12.10471071428571 0.88302469220712
12.12718928571429 0.84606151877995
12.14966785714286 1.03315331713814
12.17214642857143 1.11480969055023
12.19462500000000 0.98112149757479
12.21710357142857 0.99595810594444
12.23958214285714 0.94820085268077
12.26206071428571 1.07288831340629
12.28453928571428 1.09085558726900
12.30701785714286 0.98145845842737
12.32949642857143 0.80403715120747
12.35197500000000 0.98154432508794
12.37445357142857 0.92764426878399
12.39693214285714 0.99951559945646
12.41941071428571 0.86739740022470
12.44188928571429 1.01720196482079
12.46436785714286 0.98518570826495
12.48684642857143 0.93573776198444
12.50932500000000 0.89719377581047
12.53180357142857 0.98512873215470
12.55428214285714 0.91523231590413
12.57676071428571 0.94677140477663
12.59923928571428 1.00235836605917
12.62171785714286 1.01261535866715
12.64419642857143 0.93325569488009
12.66667500000000 0.98828239456450
12.68915357142857 0.93691260642100
12.71163214285714 0.93700927105969
12.73411071428571 0.99821459411893
12.75658928571429 0.90673311240353
12.77906785714286 1.07548946066949
12.80154642857143 0.98772554950262
12.82402500000000 0.92735258345054
12.84650357142857 0.98749670823802
12.86898214285714 1.08046025119137
12.89146071428571 1.00712448579434
12.91393928571429 0.88147015302812
12.93641785714286 0.93433819034756
12.95889642857143 0.97699886173361
12.98137500000000 0.87560298652780
13.00385357142857 1.03862883165573
13.02633214285714 1.06100465695684
13.04881071428571 0.99914944090601
13.07128928571428 0.98604879599852
13.09376785714286 1.06294930799978
13.11624642857143 0.94409721115172
13.13872500000000 1.00146790813463
13.16120357142857 0.98533592037368
13.18368214285714 0.97881105806690
13.20616071428571 0.91550069213919
13.22863928571429 1.08857808198935
13.25111785714286 0.99395807207059
13.27359642857143 1.03121817320523
13.29607500000000 0.93430393758604
13.31855357142857 1.00874890044113
13.34103214285714 0.96204495287116
13.36351071428571 1.02355406924768
13.38598928571428 0.94944841002628
13.40846785714286 0.96464181104844
13.43094642857143 0.92173811858703
13.45342500000000 0.94907975464476
13.47590357142857 0.95197972351468
13.49838214285714 0.96996359476582
13.52086071428571 0.99986932794490
13.54333928571429 0.97854302056763
13.56581785714286 0.97829454128169
13.58829642857143 0.96909683982983
13.61077500000000 0.98075848030666
13.63325357142857 0.99233800405179
13.65573214285714 1.05993275126186
13.67821071428571 1.02408146744820
13.70068928571428 0.93859662189002
13.72316785714286 0.93844780869259
13.74564642857143 0.96452058318023
13.76812500000000 1.00494048388067
13.79060357142857 0.94955721769553
13.81308214285714 1.00706634477099
13.83556071428571 0.92901523927404
13.85803928571429 1.01774416653533
13.88051785714286 1.03445374824827
13.90299642857143 0.99408254982957
13.92547500000000 0.94260967657426
13.94795357142857 0.99617473654970
13.97043214285714 1.00989725747267
13.99291071428571 0.94479372086316
14.01538928571428 0.99782301098409
14.03786785714286 0.98066045788592
14.06034642857143 0.96638744711574
14.08282500000000 0.96885706362108
14.10530357142857 1.05985815929007
14.12778214285714 1.03717900036743
14.15026071428571 0.98439181105742
14.17273928571429 1.04157332648481
14.19521785714286 1.03008028576717
14.21769642857143 0.89336558742082
14.24017500000000 1.02358649534852
14.26265357142857 1.01224300722960
14.28513214285714 0.96589151967139
14.30761071428571 0.95747979575502
14.33008928571429 1.00810067023104
14.35256785714286 0.90070906724842
14.37504642857143 1.03910622535879
14.39752500000000 0.98539891342077
14.42000357142857 1.07235391005695
14.44248214285714 0.98455278714058
14.46496071428571 0.97623246355211
14.48743928571428 0.92861107157822
14.50991785714286 0.96496222365276
14.53239642857143 0.92287449295475
14.55487500000000 0.95381238699372
14.57735357142857 1.00528269006609
14.59983214285714 0.95053026165169
14.62231071428571 0.98623545766352
14.64478928571429 0.93443475727241
14.66726785714286 0.97252103903394
14.68974642857143 0.87004083441247
14.71222500000000 0.96913017318559
14.73470357142857 0.99407034132207
14.75718214285714 1.01632599552561
14.77966071428571 1.00567539202999
14.80213928571428 0.96744350493950
14.82461785714286 0.95198573214705
14.84709642857143 0.86418534609892
14.86957500000000 0.89145571332098
14.89205357142857 0.89124914600749
14.91453214285714 0.97519352949378
14.93701071428571 0.98953428465408
14.95948928571429 1.01854604229264
14.98196785714286 0.96643435218389
15.00444642857143 0.97821404906001
15.02692500000000 1.06550393663554
15.04940357142857 0.92375941759545
15.07188214285714 0.96463264017961
15.09436071428571 0.96659468525145
15.11683928571428 1.04081996738018
15.13931785714286 1.06895951384111
15.16179642857143 0.94604029290282
15.18427500000000 0.96234498163386
15.20675357142857 0.95235931987892
15.22923214285714 0.97566262745716
15.25171071428571 0.93491868347809
15.27418928571429 0.97936735119301
15.29666785714286 0.89413642053887
15.31914642857143 1.06512500513756
15.34162500000000 1.00352553769618
15.36410357142857 0.94927888256154
15.38658214285714 0.96046069144680
15.40906071428571 0.93447261052184
15.43153928571429 0.93637624840402
15.45401785714286 0.97053933158412
15.47649642857143 1.00909738451768
15.49897500000000 0.93970549273685
15.52145357142857 0.95526829927790
15.54393214285714 0.87958818259177
15.56641071428571 0.98611286424894
15.58888928571428 1.02405186904569
15.61136785714286 0.99851414154685
15.63384642857143 0.97537153858827
15.65632500000000 1.07364846198364
15.67880357142857 1.05489427325707
15.70128214285714 1.03177643881471
15.72376071428571 0.95756765909194
