0.00786750000000 0.00000000000000
0.02360250000000 0.00000000000000
0.03933750000000 0.00000000000000
0.05507250000000 0.00000000000000
0.07080750000000 0.00000000000000
0.08654250000000 0.00000000000000
0.10227750000000 0.00000000000000
0.11801250000000 0.00000000000000
0.13374750000000 0.00000000000000
0.14948250000000 0.00000000000000
0.16521750000000 0.00000000000000
0.18095250000000 0.00000000000000
0.19668750000000 0.00000000000000
0.21242250000000 0.00000000000000
0.22815750000000 0.00000000000000
0.24389250000000 0.00000000000000
0.25962750000000 0.00000000000000
0.27536250000000 0.00000000000000
0.29109750000000 0.00000000000000
0.30683250000000 0.00000000000000
0.32256750000000 0.00000000000000
0.33830250000000 0.00000000000000
0.35403750000000 0.00000000000000
0.36977250000000 0.00000000000000
0.38550750000000 0.00000000000000
0.40124250000000 0.00000000000000
0.41697750000000 0.00000000000000
0.43271250000000 0.00000000000000
0.44844750000000 0.00000000000000
0.46418250000000 0.00000000000000
0.47991750000000 0.00000000000000
0.49565250000000 0.00000000000000
0.51138750000000 0.00000000000000
0.52712250000000 0.00000000000000
0.54285750000000 0.00000000000000
0.55859250000000 0.00000000000000
0.57432750000000 0.00000000000000
0.59006250000000 0.00000000000000
0.60579750000000 0.00000000000000
0.62153250000000 0.00000000000000
0.63726750000000 0.00000000000000
0.65300250000000 0.00000000000000
0.66873750000000 0.00000000000000
0.68447250000000 0.00000000000000
0.70020750000000 0.00000000000000
0.71594250000000 0.00000000000000
0.73167750000000 0.00000000000000
0.74741250000000 0.00000000000000
0.76314750000000 0.00000000000000
0.77888250000000 0.00000000000000
0.79461750000000 0.00000000000000
0.81035250000000 0.00000000000000
0.82608750000000 0.00000000000000
0.84182250000000 0.00000000000000
0.85755750000000 0.00000000000000
0.87329250000000 0.00000000000000
0.88902750000000 0.00000000000000
0.90476250000000 0.00000000000000
0.92049750000000 0.00000000000000
0.93623250000000 0.00000000000000
0.95196750000000 0.00000000000000
0.96770250000000 0.00000000000000
0.98343750000000 0.00000000000000
0.99917250000000 0.00000000000000
1.01490750000000 0.00000000000000
1.03064250000000 0.00000000000000
1.04637750000000 0.00000000000000
1.06211250000000 0.00000000000000
1.07784750000000 0.00000000000000
1.09358250000000 0.00000000000000
1.10931750000000 0.00000000000000
1.12505250000000 0.00000000000000
1.14078750000000 0.00000000000000
1.15652250000000 0.00000000000000
1.17225750000000 0.00000000000000
1.18799250000000 0.00000000000000
1.20372750000000 0.00000000000000
1.21946250000000 0.00000000000000
1.23519750000000 0.00000000000000
1.25093250000000 0.00000000000000
1.26666750000000 0.00000000000000
1.28240250000000 0.00000000000000
1.29813750000000 0.00000000000000
1.31387250000000 0.00000000000000
1.32960750000000 0.00000000000000
1.34534250000000 0.00000000000000
1.36107750000000 0.00000000000000
1.37681250000000 0.00000000000000
1.39254750000000 0.00000000000000
1.40828250000000 0.00000000000000
1.42401750000000 0.00000000000000
1.43975250000000 0.00000000000000
1.45548750000000 0.00000000000000
1.47122250000000 0.00000000000000
1.48695750000000 0.00000000000000
1.50269250000000 0.00000000000000
1.51842750000000 0.00000000000000
1.53416250000000 0.00000000000000
1.54989750000000 0.00000000000000
1.56563250000000 0.00000000000000
1.58136750000000 0.00000000000000
1.59710250000000 0.00000000000000
1.61283750000000 0.00000000000000
1.62857250000000 0.00000000000000
1.64430750000000 0.00000000000000
1.66004250000000 0.00000000000000
1.67577750000000 0.00000000000000
1.69151250000000 0.00000000000000
1.70724750000000 0.00000000000000
1.72298250000000 0.00000000000000
1.73871750000000 -0.00685417286035
1.75445250000000 -0.03197150873422
1.77018750000000 -0.01631554727755
1.78592250000000 0.01049414755464
1.80165750000000 0.02520098552077
1.81739250000000 0.07357254662602
1.83312750000000 0.18716062117211
1.84886250000000 0.51167328877214
1.86459750000000 1.02520017455225
1.88033250000000 1.54262489574914
1.89606750000000 2.02620525240481
1.91180250000000 2.52906138323543
1.92753750000000 3.00043116541523
1.94327250000000 3.24268351979348
1.95900750000000 3.51288478686248
1.97474250000000 3.59595108467541
1.99047750000000 3.60000120351695
2.00621250000000 3.55243962893437
2.02194750000000 3.51284548961301
2.03768250000000 3.28346659913543
2.05341750000000 2.95706218478690
2.06915250000000 2.68613370899330
2.08488750000000 2.37154018157176
2.10062250000000 2.04235716042920
2.11635750000000 1.87989759024011
2.13209250000000 1.60174781840938
2.14782750000000 1.30249510869196
2.16356250000000 0.98015117648094
2.17929750000000 0.82733065433790
2.19503250000000 0.68075099540658
2.21076750000000 0.55418250136190
2.22650250000000 0.47979596278179
2.24223750000000 0.44159898460874
2.25797250000000 0.45560903981864
2.27370750000000 0.41686678839653
2.28944250000000 0.37427886753720
2.30517750000000 0.27551537394681
2.32091250000000 0.19119933943555
2.33664750000000 0.20946595133251
2.35238250000000 0.20324978026144
2.36811750000000 0.18856019007538
2.38385250000000 0.15994932869578
2.39958750000000 0.18806306809959
2.41532250000000 0.21129026071157
2.43105750000000 0.19980892157784
2.44679250000000 0.18718345112588
2.46252750000000 0.13735916382054
2.47826250000000 0.09342185794891
2.49399750000000 0.10683871600206
2.50973250000000 0.08403998607115
2.52546750000000 0.08530730622184
2.54120250000000 0.08812096674999
2.55693750000000 0.11092690706216
2.57267250000000 0.13389193681407
2.58840750000000 0.14819665373106
2.60414250000000 0.12628506725416
2.61987750000000 0.11669129945381
2.63561250000000 0.12645326294161
2.65134750000000 0.11370695834278
2.66708250000000 0.12308621519563
2.68281750000000 0.11893843734780
2.69855250000000 0.10128292312778
2.71428750000000 0.10210268061738
2.73002250000000 0.13028790431391
2.74575750000000 0.15878656137713
2.76149250000000 0.17471871348369
2.77722750000000 0.17490651810296
2.79296250000000 0.19687279754900
2.80869750000000 0.18611302246677
2.82443250000000 0.22883272959550
2.84016750000000 0.25740973588137
2.85590250000000 0.27503441631859
2.87163750000000 0.27989385168323
2.88737250000000 0.32832727268509
2.90310750000000 0.40865065931630
2.91884250000000 0.40223871431560
2.93457750000000 0.43602660168362
2.95031250000000 0.49013135338913
2.96604750000000 0.59404962760715
2.98178250000000 0.71635588083858
2.99751750000000 0.83024945754342
3.01325250000000 0.89070411570232
3.02898750000000 0.92214341681286
3.04472250000000 1.00572928583313
3.06045750000000 1.05947117557106
3.07619250000000 1.07610358511150
3.09192750000000 1.19287546408890
3.10766250000000 1.21138635245292
3.12339750000000 1.34571300841826
3.13913250000000 1.48438773517514
3.15486750000000 1.57186074894609
3.17060250000000 1.69911247708527
3.18633750000000 1.73210364038120
3.20207250000000 1.82445884069204
3.21780750000000 1.82867750138825
3.23354250000000 1.89419931686732
3.24927750000000 2.00358406231215
3.26501250000000 2.00896200763906
3.28074750000000 2.07768004966476
3.29648250000000 2.16408418544759
3.31221750000000 2.18154662505419
3.32795250000000 2.24303536783664
3.34368750000000 2.23170914899684
3.35942250000000 2.28867808825924
3.37515750000000 2.32560133148909
3.39089250000000 2.33418262559272
3.40662750000000 2.39814656274625
3.42236250000000 2.40926077303996
3.43809750000000 2.42775474805105
3.45383250000000 2.47225479408852
3.46956750000000 2.52906097665209
3.48530250000000 2.53619518748283
3.50103750000000 2.56441107376128
3.51677250000000 2.59125738281262
3.53250750000000 2.56541556718531
3.54824250000000 2.56095849377566
3.56397750000000 2.55590894818798
3.57971250000000 2.50306877205197
3.59544750000000 2.51261252484058
3.61118250000000 2.53166906505231
3.62691750000000 2.56254185915577
3.64265250000000 2.47422796617224
3.65838750000000 2.45936955966414
3.67412250000000 2.41858233782977
3.68985750000000 2.36089113553194
3.70559250000000 2.41676895244390
3.72132750000000 2.39852946699605
3.73706250000000 2.30650063351558
3.75279750000000 2.33480198920885
3.76853250000000 2.29731551847278
3.78426750000000 2.22794571071403
3.80000250000000 2.10387778149176
3.81573750000000 2.08553410723320
3.83147250000000 1.99304180411309
3.84720750000000 1.84666475291274
3.86294250000000 1.72413290517257
3.87867750000000 1.65872063184351
3.89441250000000 1.50941707640931
3.91014750000000 1.47603387676299
3.92588250000000 1.44610019756964
3.94161750000000 1.42791143734499
3.95735250000000 1.40663228851576
3.97308750000000 1.40876920313439
3.98882250000000 1.31842146057278
4.00455750000000 1.18724216846045
4.02029250000000 1.11542526352964
4.03602750000000 1.05117907519026
4.05176250000000 0.96437418225858
4.06749750000000 0.94400154075232
4.08323250000000 0.92329784118487
4.09896750000000 0.94027093408453
4.11470250000000 0.94446063192757
4.13043750000000 0.97442246533482
4.14617250000000 0.99852719674731
4.16190750000000 1.01602147676479
4.17764250000000 1.05338129878280
4.19337750000000 1.06972635554423
4.20911250000000 1.07236653813655
4.22484750000000 1.03775713275936
4.24058250000000 0.95266284830743
4.25631750000000 0.90199052091114
4.27205250000000 0.86944387696400
4.28778750000000 0.86959081801332
4.30352250000000 0.86818095366403
4.31925750000000 0.88775605256506
4.33499250000000 0.91362646419502
4.35072750000000 0.92562595462141
4.36646250000000 0.95135509330311
4.38219750000000 0.96284044422217
4.39793250000000 0.99219917401670
4.41366750000000 0.99315497612119
4.42940250000000 1.03172786261214
4.44513750000000 1.06544189404495
4.46087250000000 1.08593185401682
4.47660750000000 1.13810104254392
4.49234250000000 1.13807443573002
4.50807750000000 1.11394335366841
4.52381250000000 1.12823089695578
4.53954750000000 1.11247219437630
4.55528250000000 1.07940401660840
4.57101750000000 1.03823574285342
4.58675250000000 1.01298522419765
4.60248750000000 1.03197492630998
4.61822250000000 1.03189815554715
4.63395750000000 1.07494114186622
4.64969250000000 1.15204394882333
4.66542750000000 1.20078927064268
4.68116250000000 1.22653217949647
4.69689750000000 1.23701695567962
4.71263250000000 1.24747431455706
4.72836750000000 1.27246853138157
4.74410250000000 1.28258040696922
4.75983750000000 1.34188276189941
4.77557250000000 1.35701134651058
4.79130750000000 1.41270012832049
4.80704250000000 1.47262256179245
4.82277750000000 1.44734398027897
4.83851250000000 1.38754692247626
4.85424750000000 1.33900483618741
4.86998250000000 1.30403620820103
4.88571750000000 1.28495460222402
4.90145250000000 1.23246554271147
4.91718750000000 1.19409392299705
4.93292250000000 1.15691900633440
4.94865750000000 1.20944781346521
4.96439250000000 1.20348384789703
4.98012750000000 1.22030274165654
4.99586250000000 1.24383351439082
5.01159750000000 1.25523424992541
5.02733250000000 1.29752995558773
5.04306750000000 1.31799345221315
5.05880250000000 1.27864821155838
5.07453750000000 1.26557673569692
5.09027250000000 1.25318578601277
5.10600750000000 1.29084189842815
5.12174250000000 1.24658271582832
5.13747750000000 1.28415876389621
5.15321250000000 1.29152968921506
5.16894750000000 1.27500419533646
5.18468250000000 1.29945743537723
5.20041750000000 1.27915542886780
5.21615250000000 1.27216627096514
5.23188750000000 1.27571938839109
5.24762250000000 1.25440854223274
5.26335750000000 1.25223349363429
5.27909250000000 1.22574426685696
5.29482750000000 1.25174976977976
5.31056250000000 1.23413696667191
5.32629750000000 1.20305301090912
5.34203250000000 1.18818165651307
5.35776750000000 1.15353483293005
5.37350250000000 1.15480327924631
5.38923750000000 1.13315822148599
5.40497250000000 1.12561030626583
5.42070750000000 1.14107634119299
5.43644250000000 1.18320311925081
5.45217750000000 1.20005846970582
5.46791250000000 1.18968268260788
5.48364750000000 1.20891486757141
5.49938250000000 1.21811392643289
5.51511750000000 1.19159585041516
5.53085250000000 1.15824323417085
5.54658750000000 1.11267641872501
5.56232250000000 1.09040346228232
5.57805750000000 1.08647642445631
5.59379250000000 1.08664764587429
5.60952750000000 1.07258978166170
5.62526250000000 1.08921007510111
5.64099750000000 1.13845971067616
5.65673250000000 1.13616407808192
5.67246750000000 1.10369822606276
5.68820250000000 1.04711819086829
5.70393750000000 1.01577351558646
5.71967250000000 0.98667913971852
5.73540750000000 0.97133594123129
5.75114250000000 0.94242289920559
5.76687750000000 0.96730608810244
5.78261250000000 0.98044136466254
5.79834750000000 1.00263742450112
5.81408250000000 1.00507966196867
5.82981750000000 0.98806118728849
5.84555250000000 0.97761648729500
5.86128750000000 0.98714513092492
5.87702250000000 0.98285956325515
5.89275750000000 0.98521595895745
5.90849250000000 0.99616812660951
5.92422750000000 1.01823399307824
5.93996250000000 1.01127464905432
5.95569750000000 1.01409336995817
5.97143250000000 1.01871124366452
5.98716750000000 0.99868181283172
6.00290250000000 0.97429531241319
6.01863750000000 0.96550454662158
6.03437250000000 0.94033403546738
6.05010750000000 0.95442063969067
6.06584250000000 0.98440041707643
6.08157750000000 0.99728775800014
6.09731250000000 1.00687326113578
6.11304750000000 1.01839275419865
6.12878250000000 1.06041773130441
6.14451750000000 1.08051052148407
6.16025250000000 1.05370277326629
6.17598750000000 1.04554519329055
6.19172250000000 1.03298910010006
6.20745750000000 1.04378142452444
6.22319250000000 1.04206937610557
6.23892750000000 1.01762689375873
6.25466250000000 0.98467144862410
6.27039750000000 0.99151696960251
6.28613250000000 1.00766712153965
6.30186750000000 1.01292829828822
6.31760250000000 0.99086134505215
6.33333750000000 0.97144567205223
6.34907250000000 0.99532893828340
6.36480750000000 1.03746154308614
6.38054250000000 1.04623345616171
6.39627750000000 1.06871861956707
6.41201250000000 1.08872654348182
6.42774750000000 1.11116846802723
6.44348250000000 1.11869434543163
6.45921750000000 1.08980963173407
6.47495250000000 1.06596079820957
6.49068750000000 1.02378216727329
6.50642250000000 1.05110394721328
6.52215750000000 1.06251093525158
6.53789250000000 1.04509515494741
6.55362750000000 1.06105537750787
6.56936250000000 1.06686057045100
6.58509750000000 1.05002087544037
6.60083250000000 1.04980371497067
6.61656750000000 1.01694868894111
6.63230250000000 0.99676225087550
6.64803750000000 0.99044403065599
6.66377250000000 1.01930668334405
6.67950750000000 1.01140936143564
6.69524250000000 1.01392802731280
6.71097750000000 1.02053713559966
6.72671250000000 1.02656541888085
6.74244750000000 1.00841382602947
6.75818250000000 1.00173393890648
6.77391750000000 1.00628137210478
6.78965250000000 0.99720653862737
6.80538750000000 0.99355751353378
6.82112250000000 1.00853335766817
6.83685750000000 1.03304303078761
6.85259250000000 1.04154209736175
6.86832750000000 1.03175859902870
6.88406250000000 1.02983710205300
6.89979750000000 1.01704646278377
6.91553250000000 1.02749501648807
6.93126750000000 1.02505233914028
6.94700250000000 1.01675747308307
6.96273750000000 0.99797597408064
6.97847250000000 1.01868836175826
6.99420750000000 1.02606600120278
7.00994250000000 1.00509686164855
7.02567750000000 0.98867836623370
7.04141250000000 0.97739190391791
7.05714750000000 0.98653605850815
7.07288250000000 0.99727211102578
7.08861750000000 0.98081662796877
7.10435250000000 1.00663675986605
7.12008750000000 1.01769093637569
7.13582250000000 1.04332046321182
7.15155750000000 1.01904642186030
7.16729250000000 1.00410562426086
7.18302750000000 0.98941899905002
7.19876250000000 0.99255253632238
7.21449750000000 1.00202842363686
7.23023250000000 0.97734607673093
7.24596750000000 0.97813241429593
7.26170250000000 0.99724488479736
7.27743750000000 1.00632839484459
7.29317250000000 0.99856892435741
7.30890750000000 0.96193011738034
7.32464250000000 0.95707811177278
7.34037750000000 0.95385736683488
7.35611250000000 0.96840665019917
7.37184750000000 0.96779241988617
7.38758250000000 0.96656130905177
7.40331750000000 1.00023774334920
7.41905250000000 0.99472818588510
7.43478750000000 1.01066568565411
7.45052250000000 1.00766758847721
7.46625750000000 1.00542132061032
7.48199250000000 0.99879161616390
7.49772750000000 1.00052502330203
7.51346250000000 1.00540169329808
7.52919750000000 1.00661331096262
7.54493250000000 0.99416206860369
7.56066750000000 0.98255806694930
7.57640250000000 0.96304287221081
7.59213750000000 0.99217581385428
7.60787250000000 0.99033027036056
7.62360750000000 0.98450271476937
7.63934250000000 0.99305928963063
7.65507750000000 1.01671878441867
7.67081250000000 1.01793139648117
7.68654750000000 1.01537308274893
7.70228250000000 1.00101078154911
7.71801750000000 0.99626862032549
7.73375250000000 1.02873120122087
7.74948750000000 1.02854988237073
7.76522250000000 0.99794162141153
7.78095750000000 0.98550881632442
7.79669250000000 0.97209094057290
7.81242750000000 0.97582869578673
7.82816250000000 0.96836007542149
7.84389750000000 0.97788590294378
7.85963250000000 0.99040550191985
7.87536750000000 1.02556519733652
7.89110250000000 1.04336809974951
7.90683750000000 1.02896974734692
7.92257250000000 1.01662773870854
7.93830750000000 1.00227061993091
7.95404250000000 0.99144069283632
7.96977750000000 0.98962670352911
7.98551250000000 1.00024840013586
8.00124750000000 0.98536886723568
8.01698250000000 0.98860290295093
8.03271750000000 0.98272591463285
8.04845250000000 0.97809350857188
8.06418750000000 0.97533143041108
8.07992250000000 0.96531418766070
8.09565750000000 0.95585296738376
8.11139250000000 0.97015539647981
8.12712750000000 0.97034359168601
8.14286250000000 1.00026331764552
8.15859750000000 1.00195987161161
8.17433250000000 1.01315085695937
8.19006750000000 1.03221009411667
8.20580250000000 1.05246930210546
8.22153750000000 1.05150439516812
8.23727250000000 1.05128292218529
8.25300750000000 1.02830351848778
8.26874250000000 1.02695054700741
8.28447750000000 1.02312190632331
8.30021250000000 1.02564796429093
8.31594750000000 1.01086092760541
8.33168250000000 1.00262108617343
8.34741750000000 0.99677454531030
8.36315250000000 0.97559097357506
8.37888750000000 0.95918407523590
8.39462250000000 0.95926932333985
8.41035750000000 0.94776710043823
8.42609250000000 0.93859790089761
8.44182750000000 0.92815428301900
8.45756250000000 0.94485612216872
8.47329750000000 0.95496313009917
8.48903250000000 0.97962934375101
8.50476750000000 0.97623881482689
8.52050250000000 0.98339371551746
8.53623750000000 1.00434882624782
8.55197250000000 1.05087262552302
8.56770750000000 1.03523565584884
8.58344250000000 1.00241258131600
8.59917750000000 0.97582514403653
8.61491250000000 0.98421075352084
8.63064750000000 0.95753012642184
8.64638250000000 0.94377137987370
8.66211750000000 0.92916841305591
8.67785250000000 0.93721369995732
8.69358750000000 0.94979548659454
8.70932250000000 0.96918337665018
8.72505750000000 0.95099330958416
8.74079250000000 0.94646515446078
8.75652750000000 0.93971513027711
8.77226250000000 0.95736635228483
8.78799750000000 0.94545561399956
8.80373250000000 0.96001173279109
8.81946750000000 0.97263918246805
8.83520250000000 0.97154307106897
8.85093750000000 0.97190025813480
8.86667250000000 0.96180917674241
8.88240750000000 0.96011945137168
8.89814250000000 0.96414648201823
8.91387750000000 0.96563401247572
8.92961250000000 0.96739626211175
8.94534750000000 0.97603075982911
8.96108250000000 1.00313585291668
8.97681750000000 1.00459666230788
8.99255250000000 0.99243896945305
9.00828750000000 0.99626342975591
9.02402250000000 0.95919814238044
9.03975750000000 0.95434573212205
9.05549250000000 0.95920291567911
9.07122750000000 0.95604037028537
9.08696250000000 0.95208187889986
9.10269750000000 0.98652695200612
9.11843250000000 1.00917163225773
9.13416750000000 1.01317115050318
9.14990250000000 1.01498884907114
9.16563750000000 1.02212951532504
9.18137250000000 0.98298509226789
9.19710750000000 0.98033463652645
9.21284250000000 0.98308768826433
9.22857750000000 0.99297639701905
9.24431250000000 0.98711934092655
9.26004750000000 1.00210953279962
9.27578250000000 0.99356631270271
9.29151750000000 1.00104672877859
9.30725250000000 1.00053274274639
9.32298750000000 0.99929955881206
9.33872250000000 0.97440043158251
9.35445750000000 0.97263516298463
9.37019250000000 0.96169898483579
9.38592750000000 0.95930019602362
9.40166250000000 0.95061851252779
9.41739750000000 0.95404382841650
9.43313250000000 0.95485113515172
9.44886750000000 0.96691302700830
9.46460250000000 0.97184805675844
9.48033750000000 0.97488194245804
9.49607250000000 0.98076447515719
9.51180750000000 0.99607881554189
9.52754250000000 1.00126940632998
9.54327750000000 0.99800359174112
9.55901250000000 0.99338146157315
9.57474750000000 0.99347293802016
9.59048250000000 0.98411668700690
9.60621750000000 0.98146050981319
9.62195250000000 0.96568214667117
9.63768750000000 0.95481620872410
9.65342250000000 0.96817979801925
9.66915750000000 0.98978659443731
9.68489250000000 0.99099759927171
9.70062750000000 0.98782339759720
9.71636250000000 0.99251564905857
9.73209750000000 0.99366032901606
9.74783250000000 0.98897235213968
9.76356750000000 0.99213034733484
9.77930250000000 0.97946545592401
9.79503750000000 0.96830739723842
9.81077250000000 0.97497957466739
9.82650750000000 0.98907163584317
9.84224250000000 0.98728304529250
9.85797750000000 0.99608250876263
9.87371250000000 1.02213019918566
9.88944750000000 1.01325337502525
9.90518250000000 1.01290176394525
9.92091750000000 1.01413212444108
9.93665250000000 1.00657507191316
9.95238750000000 0.98612762651486
9.96812250000000 0.99072068505337
9.98385750000000 0.97722304578270
9.99959250000000 0.97015952889378
10.01532750000000 0.96737638247555
10.03106250000000 0.98673266951746
10.04679750000000 0.98332772886886
10.06253250000000 0.99655639424791
10.07826750000000 1.00214676819348
10.09400250000000 1.00356342223042
10.10973750000000 0.99239052713718
10.12547250000000 0.98240060779222
10.14120750000000 0.96214396128551
10.15694250000000 0.95421771840784
10.17267750000000 0.94876883172280
10.18841250000000 0.95575310450810
10.20414750000000 0.96825488560431
10.21988250000000 0.96449304608215
10.23561750000000 0.95415591148630
10.25135250000000 0.95084740722817
10.26708750000000 0.94700674909198
10.28282250000000 0.95174731863736
10.29855750000000 0.96626049187834
10.31429250000000 0.97994422745476
10.33002750000000 0.98606691945789
10.34576250000000 0.97865557602736
10.36149750000000 0.96405457370393
10.37723250000000 0.93387030419605
10.39296750000000 0.91554348577155
10.40870250000000 0.91542440095386
10.42443750000000 0.92474275949483
10.44017250000000 0.93543382353489
10.45590750000000 0.96929763272290
10.47164250000000 0.99378487293045
10.48737750000000 0.99977900626102
10.50311250000000 0.99223285292048
10.51884750000000 0.97871588520489
10.53458250000000 0.98919328335649
10.55031750000000 0.99290030467200
10.56605250000000 0.99971784958787
10.58178750000000 0.99362649119674
10.59752250000000 0.98964504879878
10.61325750000000 0.99393765618844
10.62899250000000 0.98770086566098
10.64472750000000 0.95976193170611
10.66046250000000 0.94620413745973
10.67619750000000 0.95323234673154
10.69193250000000 0.97027548418908
10.70766750000000 0.97598024206504
10.72340250000000 0.97871736423863
10.73913750000000 0.97314275600374
10.75487250000000 0.96862479815180
10.77060750000000 0.96778802535775
10.78634250000000 0.96734297250546
10.80207750000000 0.95569412301643
10.81781250000000 0.95161065619931
10.83354750000000 0.94893155267014
10.84928250000000 0.95103135677299
10.86501750000000 0.96021140209217
10.88075250000000 0.95651710805210
10.89648750000000 0.96170930045488
10.91222250000000 0.97807408704621
10.92795750000000 1.01081970532242
10.94369250000000 1.03482069181913
10.95942750000000 1.04845456229538
10.97516250000000 1.04576361050094
10.99089750000000 1.02079013018556
11.00663250000000 0.96757641509902
