0.00786750000000 0.00000000000000
0.02360250000000 0.00000000000000
0.03933750000000 0.00000000000000
0.05507250000000 0.00000000000000
0.07080750000000 0.00000000000000
0.08654250000000 0.00000000000000
0.10227750000000 0.00000000000000
0.11801250000000 0.00000000000000
0.13374750000000 0.00000000000000
0.14948250000000 0.00000000000000
0.16521750000000 0.00000000000000
0.18095250000000 0.00000000000000
0.19668750000000 0.00000000000000
0.21242250000000 0.00000000000000
0.22815750000000 0.00000000000000
0.24389250000000 0.00000000000000
0.25962750000000 0.00000000000000
0.27536250000000 0.00000000000000
0.29109750000000 0.00000000000000
0.30683250000000 0.00000000000000
0.32256750000000 0.00000000000000
0.33830250000000 0.00000000000000
0.35403750000000 0.00000000000000
0.36977250000000 0.00000000000000
0.38550750000000 0.00000000000000
0.40124250000000 0.00000000000000
0.41697750000000 0.00000000000000
0.43271250000000 0.00000000000000
0.44844750000000 0.00000000000000
0.46418250000000 0.00000000000000
0.47991750000000 0.00000000000000
0.49565250000000 0.00000000000000
0.51138750000000 0.00000000000000
0.52712250000000 0.00000000000000
0.54285750000000 0.00000000000000
0.55859250000000 0.00000000000000
0.57432750000000 0.00000000000000
0.59006250000000 0.00000000000000
0.60579750000000 0.00000000000000
0.62153250000000 0.00000000000000
0.63726750000000 0.00000000000000
0.65300250000000 0.00000000000000
0.66873750000000 0.00000000000000
0.68447250000000 0.00000000000000
0.70020750000000 0.00000000000000
0.71594250000000 0.00000000000000
0.73167750000000 0.00000000000000
0.74741250000000 0.00000000000000
0.76314750000000 0.00000000000000
0.77888250000000 0.00000000000000
0.79461750000000 0.00000000000000
0.81035250000000 0.00000000000000
0.82608750000000 0.00000000000000
0.84182250000000 0.00000000000000
0.85755750000000 0.00000000000000
0.87329250000000 0.00000000000000
0.88902750000000 0.00000000000000
0.90476250000000 0.00000000000000
0.92049750000000 0.00000000000000
0.93623250000000 0.00000000000000
0.95196750000000 0.00000000000000
0.96770250000000 0.00000000000000
0.98343750000000 0.00000000000000
0.99917250000000 0.00000000000000
1.01490750000000 0.00000000000000
1.03064250000000 0.00000000000000
1.04637750000000 0.00000000000000
1.06211250000000 0.00000000000000
1.07784750000000 0.00000000000000
1.09358250000000 0.00000000000000
1.10931750000000 0.00000000000000
1.12505250000000 0.00000000000000
1.14078750000000 0.00000000000000
1.15652250000000 0.00000000000000
1.17225750000000 0.00000000000000
1.18799250000000 0.00000000000000
1.20372750000000 0.00000000000000
1.21946250000000 0.00000000000000
1.23519750000000 0.00000000000000
1.25093250000000 0.00000000000000
1.26666750000000 0.00000000000000
1.28240250000000 0.00000000000000
1.29813750000000 0.00000000000000
1.31387250000000 0.00000000000000
1.32960750000000 0.00000000000000
1.34534250000000 0.00000000000000
1.36107750000000 0.00000000000000
1.37681250000000 0.00000000000000
1.39254750000000 0.00000000000000
1.40828250000000 0.00000000000000
1.42401750000000 0.00000000000000
1.43975250000000 0.00000000000000
1.45548750000000 0.00000000000000
1.47122250000000 0.00000000000000
1.48695750000000 0.00000000000000
1.50269250000000 0.00000000000000
1.51842750000000 0.00000000000000
1.53416250000000 0.00000000000000
1.54989750000000 0.00000000000000
1.56563250000000 0.00000000000000
1.58136750000000 0.00000000000000
1.59710250000000 0.00000000000000
1.61283750000000 0.00000000000000
1.62857250000000 0.00000000000000
1.64430750000000 0.00000000000000
1.66004250000000 0.00000000000000
1.67577750000000 0.00000000000000
1.69151250000000 0.00000000000000
1.70724750000000 0.00000000000000
1.72298250000000 0.00000000000000
1.73871750000000 0.00000000000000
1.75445250000000 0.00000000000000
1.77018750000000 0.00000000000000
1.78592250000000 0.00000000000000
1.80165750000000 0.00000000000000
1.81739250000000 0.00000000000000
1.83312750000000 0.00000000000000
1.84886250000000 0.00000000000000
1.86459750000000 0.00000000000000
1.88033250000000 0.00000000000000
1.89606750000000 0.00000000000000
1.91180250000000 0.00000000000000
1.92753750000000 0.00000000000000
1.94327250000000 0.00000000000000
1.95900750000000 0.00000000000000
1.97474250000000 0.00000000000000
1.99047750000000 0.00000000000000
2.00621250000000 -0.01041640631278
2.02194750000000 0.00260410157820
2.03768250000000 0.01273116327118
2.05341750000000 0.01000450745504
2.06915250000000 0.02679501589094
2.08488750000000 0.02825270956916
2.10062250000000 0.04581362470835
2.11635750000000 0.05502751091623
2.13209250000000 0.05589436819280
2.14782750000000 0.03928070054045
2.16356250000000 0.03487036995140
2.17929750000000 0.01038357277279
2.19503250000000 0.01238305979705
2.21076750000000 0.04079529795720
2.22650250000000 0.10193596824447
2.24223750000000 0.16412016687819
2.25797250000000 0.27651092047406
2.27370750000000 0.35766971780371
2.28944250000000 0.43401213862129
2.30517750000000 0.51490501345086
2.32091250000000 0.56279371270550
2.33664750000000 0.57719944766961
2.35238250000000 0.67445662857121
2.36811750000000 0.72029924815729
2.38385250000000 0.78909836922413
2.39958750000000 0.85818864435675
2.41532250000000 0.89796757992186
2.43105750000000 0.90539123447651
2.44679250000000 0.88190739849055
2.46252750000000 0.90319764735871
2.47826250000000 0.93119549048612
2.49399750000000 1.00626553268552
2.50973250000000 1.08497348342752
2.52546750000000 1.15261731780023
2.54120250000000 1.20630709197929
2.55693750000000 1.26340091263105
2.57267250000000 1.24982184895589
2.58840750000000 1.19774319575307
2.60414250000000 1.11121762193991
2.61987750000000 1.07444747798870
2.63561250000000 0.95697343216537
2.65134750000000 1.01617552481875
2.66708250000000 0.96133170710978
2.68281750000000 0.96231641900312
2.69855250000000 0.96323924406736
2.71428750000000 0.94742615573289
2.73002250000000 0.94348755289658
2.74575750000000 0.84723224128696
2.76149250000000 0.77069033050246
2.77722750000000 0.70031077386141
2.79296250000000 0.65487953142363
2.80869750000000 0.72528262214204
2.82443250000000 0.68037445230135
2.84016750000000 0.74859326928388
2.85590250000000 0.78159718508054
2.87163750000000 0.73764804745786
2.88737250000000 0.74471879882507
2.90310750000000 0.65675079863136
2.91884250000000 0.58367849384421
2.93457750000000 0.54608002195464
2.95031250000000 0.55037102818958
2.96604750000000 0.52817921380970
2.98178250000000 0.49725094325813
2.99751750000000 0.52023041844400
3.01325250000000 0.46261499095524
3.02898750000000 0.39725558248695
3.04472250000000 0.39702794860553
3.06045750000000 0.36895564777726
3.07619250000000 0.36709892474245
3.09192750000000 0.40314312767650
3.10766250000000 0.45504534634859
3.12339750000000 0.47891735602945
3.13913250000000 0.42565706606578
3.15486750000000 0.44625921697248
3.17060250000000 0.40624600119830
3.18633750000000 0.36515715556048
3.20207250000000 0.35342350329127
3.21780750000000 0.33810094197664
3.23354250000000 0.35081066680090
3.24927750000000 0.35096990917628
3.26501250000000 0.35665458395905
3.28074750000000 0.32543194394130
3.29648250000000 0.31575564124845
3.31221750000000 0.31008818023355
3.32795250000000 0.30622523297389
3.34368750000000 0.28836980044260
3.35942250000000 0.25577588526539
3.37515750000000 0.24862780943051
3.39089250000000 0.24403822992379
3.40662750000000 0.24104498117748
3.42236250000000 0.25054088216180
3.43809750000000 0.28114931403834
3.45383250000000 0.30099944428791
3.46956750000000 0.29721151674974
3.48530250000000 0.30263767694585
3.50103750000000 0.28712396838514
3.51677250000000 0.27628432660679
3.53250750000000 0.28203736990780
3.54824250000000 0.30416948203344
3.56397750000000 0.35967375815085
3.57971250000000 0.38341973867113
3.59544750000000 0.40680740165948
3.61118250000000 0.40991770682167
3.62691750000000 0.39016441529025
3.64265250000000 0.39076142941377
3.65838750000000 0.38711145062256
3.67412250000000 0.40863509606817
3.68985750000000 0.44856205076323
3.70559250000000 0.49626251810594
3.72132750000000 0.55038524250462
3.73706250000000 0.54072424500271
3.75279750000000 0.53578792486023
3.76853250000000 0.54870400620151
3.78426750000000 0.52367174145915
3.80000250000000 0.57999093783709
3.81573750000000 0.56496452388945
3.83147250000000 0.64056820110654
3.84720750000000 0.74554685326797
3.86294250000000 0.78536005229354
3.87867750000000 0.82216107362499
3.89441250000000 0.79128952064892
3.91014750000000 0.84121219356750
3.92588250000000 0.84716397488101
3.94161750000000 0.81667854063919
3.95735250000000 0.79786071983393
3.97308750000000 0.77240397075014
3.98882250000000 0.84309250652448
4.00455750000000 0.91239453769459
4.02029250000000 0.95021717111107
4.03602750000000 0.95689617763800
4.05176250000000 1.00642773198418
4.06749750000000 1.12492020343220
4.08323250000000 1.13972562286454
4.09896750000000 1.12334094923774
4.11470250000000 1.09490464855785
4.13043750000000 1.02273131067823
4.14617250000000 1.04577533057283
4.16190750000000 1.00015212710091
4.17764250000000 0.97696989984153
4.19337750000000 0.93946753619353
4.20911250000000 0.97745959137350
4.22484750000000 1.05241388385792
4.24058250000000 1.06421550875499
4.25631750000000 1.09782618502365
4.27205250000000 1.17902456009295
4.28778750000000 1.16878002978961
4.30352250000000 1.19951586609011
4.31925750000000 1.11450174044440
4.33499250000000 1.10522015445567
4.35072750000000 1.09892428844130
4.36646250000000 1.03481519929132
4.38219750000000 1.01914006969509
4.39793250000000 0.95397619317021
4.41366750000000 0.98060125033916
4.42940250000000 0.99962700101573
4.44513750000000 0.93729153927603
4.46087250000000 0.86550786631928
4.47660750000000 0.80625602771466
4.49234250000000 0.81372462255733
4.50807750000000 0.80305392403548
4.52381250000000 0.80152676996201
4.53954750000000 0.84124903153017
4.55528250000000 0.90453962401873
4.57101750000000 0.96631378530403
4.58675250000000 0.97832796844297
4.60248750000000 1.00991946828499
4.61822250000000 1.02160450153579
4.63395750000000 1.00200057888297
4.64969250000000 0.96901911567646
4.66542750000000 0.91302568826890
4.68116250000000 0.87069337349148
4.69689750000000 0.87107317309959
4.71263250000000 0.85601420877405
4.72836750000000 0.82367997289525
4.74410250000000 0.82963330950837
4.75983750000000 0.83915233863636
4.77557250000000 0.82847867889367
4.79130750000000 0.83195263259753
4.80704250000000 0.79854172571528
4.82277750000000 0.77857477656580
4.83851250000000 0.75373975072439
4.85424750000000 0.74443409923900
4.86998250000000 0.74217826491160
4.88571750000000 0.71379026811308
4.90145250000000 0.72122241824501
4.91718750000000 0.68108533979807
4.93292250000000 0.65121991616515
4.94865750000000 0.63577165625097
4.96439250000000 0.64820151276000
4.98012750000000 0.66150790711197
4.99586250000000 0.67409355442439
5.01159750000000 0.67912578236577
5.02733250000000 0.72313231577081
5.04306750000000 0.72382332456295
5.05880250000000 0.76199573984517
5.07453750000000 0.75152893821794
5.09027250000000 0.72901326404101
5.10600750000000 0.71013659412544
5.12174250000000 0.70947067254786
5.13747750000000 0.72069790346204
5.15321250000000 0.72040652990435
5.16894750000000 0.72408803903193
5.18468250000000 0.74374061644987
5.20041750000000 0.75079476099144
5.21615250000000 0.76862087313465
5.23188750000000 0.77788060222205
5.24762250000000 0.76717991348780
5.26335750000000 0.75569646816894
5.27909250000000 0.72360047420136
5.29482750000000 0.71856144974968
5.31056250000000 0.69062696857030
5.32629750000000 0.68183817554696
5.34203250000000 0.66971992693446
5.35776750000000 0.64851784855007
5.37350250000000 0.67676630474151
5.38923750000000 0.74509504980948
5.40497250000000 0.80934476032586
5.42070750000000 0.83786515141156
5.43644250000000 0.83536012044729
5.45217750000000 0.85368531621338
5.46791250000000 0.85550098368500
5.48364750000000 0.83017523421206
5.49938250000000 0.78104335474881
5.51511750000000 0.78475523895462
5.53085250000000 0.81450613154142
5.54658750000000 0.83983873049192
5.56232250000000 0.84781835434389
5.57805750000000 0.84721821655243
5.59379250000000 0.84283113024887
5.60952750000000 0.88659712320413
5.62526250000000 0.88146185090036
5.64099750000000 0.91806246421455
5.65673250000000 0.91856388750179
5.67246750000000 0.99425264496864
5.68820250000000 1.04167240514891
5.70393750000000 1.04296843538967
5.71967250000000 1.00090589191850
5.73540750000000 0.98828076125974
5.75114250000000 0.94987369056528
5.76687750000000 0.93214325491256
5.78261250000000 0.89818969291082
5.79834750000000 0.89539680491479
5.81408250000000 0.84867207690078
5.82981750000000 0.87473521266171
5.84555250000000 0.88120167733281
5.86128750000000 0.83916348690945
5.87702250000000 0.82958289352956
5.89275750000000 0.89354711660680
5.90849250000000 0.89289281266855
5.92422750000000 0.88871359852503
5.93996250000000 0.88247973767566
5.95569750000000 0.86774584336309
5.97143250000000 0.84716987945881
5.98716750000000 0.83637568557510
6.00290250000000 0.83242935859012
6.01863750000000 0.84286757009336
6.03437250000000 0.89368094265535
6.05010750000000 0.93892717403168
6.06584250000000 0.93652451353805
6.08157750000000 0.94655659435436
6.09731250000000 0.93539382109987
6.11304750000000 0.91085086391631
6.12878250000000 0.88754454238853
6.14451750000000 0.84277927403024
6.16025250000000 0.83184704881520
6.17598750000000 0.81599011275098
6.19172250000000 0.80063379824705
6.20745750000000 0.78463649702816
6.22319250000000 0.83195430813006
6.23892750000000 0.84896622499243
6.25466250000000 0.85984061651816
6.27039750000000 0.85189539733558
6.28613250000000 0.84634147639322
6.30186750000000 0.84841927894566
6.31760250000000 0.86593526478870
6.33333750000000 0.84850997308376
6.34907250000000 0.84765505854570
6.36480750000000 0.86340642436279
6.38054250000000 0.88121781551986
6.39627750000000 0.88400682721090
6.41201250000000 0.87652367313433
6.42774750000000 0.86409074307082
6.44348250000000 0.86465272185613
6.45921750000000 0.83880905050493
6.47495250000000 0.83468197764691
6.49068750000000 0.84354586832804
6.50642250000000 0.87027511668020
6.52215750000000 0.88974415529763
6.53789250000000 0.86506188083126
6.55362750000000 0.88815428468759
6.56936250000000 0.87258691170557
6.58509750000000 0.89299458981459
6.60083250000000 0.90672722423243
6.61656750000000 0.86141509773588
6.63230250000000 0.84051869318996
6.64803750000000 0.87646682550776
6.66377250000000 0.88409219335305
6.67950750000000 0.89937084737313
6.69524250000000 0.90505360845790
6.71097750000000 0.91294900699170
6.72671250000000 0.91001983580133
6.74244750000000 0.95099362027137
6.75818250000000 0.98021763591735
6.77391750000000 0.96820891297522
6.78965250000000 0.96082350729678
6.80538750000000 0.98077260393079
6.82112250000000 0.92921527061157
6.83685750000000 0.92100570954759
6.85259250000000 0.90276701365129
6.86832750000000 0.89996695779361
6.88406250000000 0.88750646778874
6.89979750000000 0.87697649283588
6.91553250000000 0.89120188704293
6.93126750000000 0.90514845965030
6.94700250000000 0.93407019143434
6.96273750000000 0.91086036240687
6.97847250000000 0.90551831933364
6.99420750000000 0.91150907756861
7.00994250000000 0.92373782261454
7.02567750000000 0.95613696926492
7.04141250000000 0.96115216422042
7.05714750000000 0.95638416871917
7.07288250000000 0.97077243428757
7.08861750000000 0.93369126839454
7.10435250000000 0.93344703677106
7.12008750000000 0.93385292917932
7.13582250000000 0.94069301752273
7.15155750000000 0.91547381809441
7.16729250000000 0.92654895217287
7.18302750000000 0.95082253855390
7.19876250000000 0.98997468281474
7.21449750000000 0.98221187348537
7.23023250000000 0.96585800088124
7.24596750000000 0.95545025792380
7.26170250000000 0.96510304044640
7.27743750000000 0.98748358520730
7.29317250000000 0.96202016164892
7.30890750000000 0.97226110287714
7.32464250000000 1.01264552637623
7.34037750000000 1.02574814513831
7.35611250000000 1.02979620953671
7.37184750000000 0.99886836023536
7.38758250000000 0.98073065020442
7.40331750000000 1.00794174813659
7.41905250000000 0.99998009537551
7.43478750000000 0.99637759950419
7.45052250000000 0.98517741518359
7.46625750000000 0.97485636978619
7.48199250000000 1.00368745209147
7.49772750000000 0.98621488325044
7.51346250000000 0.97615204389080
7.52919750000000 0.94567793596967
7.54493250000000 0.90532210687682
7.56066750000000 0.92496003345407
7.57640250000000 0.91332532808525
7.59213750000000 0.90888857366129
7.60787250000000 0.88914730306575
7.62360750000000 0.87437710665373
7.63934250000000 0.93130261443601
7.65507750000000 0.94599336102376
7.67081250000000 0.98061189707957
7.68654750000000 0.96510953617957
7.70228250000000 0.94473586083201
7.71801750000000 0.98892586376978
7.73375250000000 0.99216239595804
7.74948750000000 0.97576724460079
7.76522250000000 0.95058062624850
7.78095750000000 0.94758235538031
7.79669250000000 0.97681984209281
7.81242750000000 0.96192478125880
7.82816250000000 0.97504778156988
7.84389750000000 0.93759407122494
7.85963250000000 0.92790771307916
7.87536750000000 0.92926773579940
7.89110250000000 0.90600013383059
7.90683750000000 0.88774679209215
7.92257250000000 0.90406670658618
7.93830750000000 0.92353684404912
7.95404250000000 0.96791244817581
7.96977750000000 0.96708272869966
7.98551250000000 1.00580376786075
8.00124750000000 1.00161699978721
8.01698250000000 1.00467297098655
8.03271750000000 0.97212332447181
8.04845250000000 0.96837146032133
8.06418750000000 0.94205201606595
8.07992250000000 0.92023623151577
8.09565750000000 0.91049796602054
8.11139250000000 0.90938615355105
8.12712750000000 0.90503288417533
8.14286250000000 0.93292996126241
8.15859750000000 0.95934871390716
8.17433250000000 0.98489360730151
8.19006750000000 1.00471957178090
8.20580250000000 1.01347283355070
8.22153750000000 1.00106170425149
8.23727250000000 0.97805737807892
8.25300750000000 0.97305674822380
8.26874250000000 0.92254369376390
8.28447750000000 0.90503739858757
8.30021250000000 0.90781208487578
8.31594750000000 0.92135701503452
8.33168250000000 0.93009882998891
8.34741750000000 0.94008740828819
8.36315250000000 0.95770315650699
8.37888750000000 0.97151879567700
8.39462250000000 0.97721747157385
8.41035750000000 0.96414653378239
8.42609250000000 0.93784422142263
8.44182750000000 0.95733058120965
8.45756250000000 0.97650015530691
8.47329750000000 0.96089301298115
8.48903250000000 0.95129050648578
8.50476750000000 0.94467585388410
8.52050250000000 0.96830678237480
8.53623750000000 0.95608179528489
8.55197250000000 0.95814138251261
8.56770750000000 0.93527170125147
8.58344250000000 0.94811080044602
8.59917750000000 0.93761382781020
8.61491250000000 0.93884027320095
8.63064750000000 0.89117941654276
8.64638250000000 0.88701155721544
8.66211750000000 0.90384081975385
8.67785250000000 0.94293502447692
8.69358750000000 0.94958109564433
8.70932250000000 0.94245454746400
8.72505750000000 0.94344511189289
8.74079250000000 0.94184996710387
8.75652750000000 0.94231520180504
8.77226250000000 0.95130765286371
8.78799750000000 0.92338857751712
8.80373250000000 0.93021956335966
8.81946750000000 0.92976685376381
8.83520250000000 0.95582304610937
8.85093750000000 0.94411890037760
8.86667250000000 0.95659195315281
8.88240750000000 0.95797535945862
8.89814250000000 0.98035556510019
8.91387750000000 1.03788380568591
8.92961250000000 1.07545605922730
8.94534750000000 1.07121941793862
8.96108250000000 1.04759050909672
8.97681750000000 1.00875492458398
8.99255250000000 1.00665722091756
9.00828750000000 1.01817414913540
9.02402250000000 1.02822826003647
9.03975750000000 1.01670644524914
9.05549250000000 1.02484536021637
9.07122750000000 1.04502417316125
9.08696250000000 1.06491184662612
9.10269750000000 1.01204531388856
9.11843250000000 0.99716101367149
9.13416750000000 0.96191458783907
9.14990250000000 0.97318147010481
9.16563750000000 1.00577574689175
9.18137250000000 0.99854133768785
9.19710750000000 1.01992565366232
9.21284250000000 0.99971656310188
9.22857750000000 0.98775138253244
9.24431250000000 0.99403869247635
9.26004750000000 0.96051262530598
9.27578250000000 0.94703826080128
9.29151750000000 0.93265392433283
9.30725250000000 0.94827770718066
9.32298750000000 0.96903730995376
9.33872250000000 0.94859561156899
9.35445750000000 0.96457183255311
9.37019250000000 0.96720265508430
9.38592750000000 0.97823556523729
9.40166250000000 1.00412716211271
9.41739750000000 1.00898337612803
9.43313250000000 0.98692228656556
9.44886750000000 0.99313932118484
9.46460250000000 0.97568877077894
9.48033750000000 0.98593488818703
9.49607250000000 0.95958399637698
9.51180750000000 0.96434980851484
9.52754250000000 0.95762922304437
9.54327750000000 0.95199491487402
9.55901250000000 0.96301934582705
9.57474750000000 0.96726103996890
9.59048250000000 0.97280564093160
9.60621750000000 0.97478025842818
9.62195250000000 0.96785899989590
9.63768750000000 0.99374388457530
9.65342250000000 0.98799444683192
9.66915750000000 0.99335713244621
9.68489250000000 0.99048612991918
9.70062750000000 0.99522693852063
9.71636250000000 1.01470868442600
9.73209750000000 1.02778802844903
9.74783250000000 1.02064644934911
9.76356750000000 1.01798283746534
9.77930250000000 1.00631232516429
9.79503750000000 0.98802525231889
9.81077250000000 0.95569317406176
9.82650750000000 0.95105315465991
9.84224250000000 0.94594375114919
9.85797750000000 0.94121363049126
9.87371250000000 0.95160685647045
9.88944750000000 0.92521204736986
9.90518250000000 0.90422526005445
9.92091750000000 0.93685052903308
9.93665250000000 0.95897624306965
9.95238750000000 0.96590295884079
9.96812250000000 0.96506997215133
9.98385750000000 0.98836782977089
9.99959250000000 1.00046425376826
10.01532750000000 0.99511808025506
10.03106250000000 0.97545478228260
10.04679750000000 0.95592874532527
10.06253250000000 0.95632880897402
10.07826750000000 0.96872595358779
10.09400250000000 0.98868684230255
10.10973750000000 0.98766917213497
10.12547250000000 0.98409447121456
10.14120750000000 0.98757567343755
10.15694250000000 0.96722237923776
10.17267750000000 0.95177460345880
10.18841250000000 0.94847597097327
10.20414750000000 0.95993921310479
10.21988250000000 0.97771260127800
10.23561750000000 1.00024132359407
10.25135250000000 1.02547145721454
10.26708750000000 1.03480775161013
10.28282250000000 1.04382363651396
10.29855750000000 1.02268099305263
10.31429250000000 0.99938458642972
10.33002750000000 0.95356740627223
10.34576250000000 0.92424913991417
10.36149750000000 0.89854031122262
10.37723250000000 0.90769287852506
10.39296750000000 0.91536437552494
10.40870250000000 0.90456743715294
10.42443750000000 0.91631382748983
10.44017250000000 0.95289253429933
10.45590750000000 0.97985061613405
10.47164250000000 0.98503844934763
10.48737750000000 0.97755307328523
10.50311250000000 0.95783596859861
10.51884750000000 0.94854648422394
10.53458250000000 0.96089997804540
10.55031750000000 0.97457006357099
10.56605250000000 0.96726127800078
10.58178750000000 0.96808523926283
10.59752250000000 0.99445156888650
10.61325750000000 1.02101454033058
10.62899250000000 1.01803400315847
10.64472750000000 1.00353613801443
10.66046250000000 0.96498605585347
10.67619750000000 0.94776578479305
10.69193250000000 0.94929699722104
10.70766750000000 0.95854877645528
10.72340250000000 0.96320041248562
10.73913750000000 0.96402497807316
10.75487250000000 0.99144518950930
10.77060750000000 1.02513821165426
10.78634250000000 1.03130763779388
10.80207750000000 1.02196258421576
10.81781250000000 1.00930482333684
10.83354750000000 1.01385845289867
10.84928250000000 1.00541380859527
10.86501750000000 1.00027132466810
10.88075250000000 0.97501677215887
10.89648750000000 0.96862139487479
10.91222250000000 0.97483849891017
10.92795750000000 0.98173780744732
10.94369250000000 0.97541845933682
10.95942750000000 0.96461138591903
10.97516250000000 0.94875457632824
10.99089750000000 0.92728601969870
11.00663250000000 0.89964370516469
