0.00786750000000 0.00000000000000
0.02360250000000 0.00000000000000
0.03933750000000 0.00000000000000
0.05507250000000 0.00000000000000
0.07080750000000 0.00000000000000
0.08654250000000 0.00000000000000
0.10227750000000 0.00000000000000
0.11801250000000 0.00000000000000
0.13374750000000 0.00000000000000
0.14948250000000 0.00000000000000
0.16521750000000 0.00000000000000
0.18095250000000 0.00000000000000
0.19668750000000 0.00000000000000
0.21242250000000 0.00000000000000
0.22815750000000 0.00000000000000
0.24389250000000 0.00000000000000
0.25962750000000 0.00000000000000
0.27536250000000 0.00000000000000
0.29109750000000 0.00000000000000
0.30683250000000 0.00000000000000
0.32256750000000 0.00000000000000
0.33830250000000 0.00000000000000
0.35403750000000 0.00000000000000
0.36977250000000 0.00000000000000
0.38550750000000 0.00000000000000
0.40124250000000 0.00000000000000
0.41697750000000 0.00000000000000
0.43271250000000 0.00000000000000
0.44844750000000 0.00000000000000
0.46418250000000 0.00000000000000
0.47991750000000 0.00000000000000
0.49565250000000 0.00000000000000
0.51138750000000 0.00000000000000
0.52712250000000 0.00000000000000
0.54285750000000 0.00000000000000
0.55859250000000 0.00000000000000
0.57432750000000 0.00000000000000
0.59006250000000 0.00000000000000
0.60579750000000 0.00000000000000
0.62153250000000 0.00000000000000
0.63726750000000 0.00000000000000
0.65300250000000 0.00000000000000
0.66873750000000 0.00000000000000
0.68447250000000 0.00000000000000
0.70020750000000 0.00000000000000
0.71594250000000 0.00000000000000
0.73167750000000 0.00000000000000
0.74741250000000 0.00000000000000
0.76314750000000 0.00000000000000
0.77888250000000 0.00000000000000
0.79461750000000 0.00000000000000
0.81035250000000 0.00000000000000
0.82608750000000 0.00000000000000
0.84182250000000 0.00000000000000
0.85755750000000 0.00000000000000
0.87329250000000 0.00000000000000
0.88902750000000 0.00000000000000
0.90476250000000 0.00000000000000
0.92049750000000 0.00000000000000
0.93623250000000 0.00000000000000
0.95196750000000 0.00000000000000
0.96770250000000 0.00000000000000
0.98343750000000 0.00000000000000
0.99917250000000 0.00000000000000
1.01490750000000 0.00000000000000
1.03064250000000 0.00000000000000
1.04637750000000 0.00000000000000
1.06211250000000 0.00000000000000
1.07784750000000 0.00000000000000
1.09358250000000 0.00000000000000
1.10931750000000 0.00000000000000
1.12505250000000 0.00000000000000
1.14078750000000 0.00000000000000
1.15652250000000 0.00000000000000
1.17225750000000 0.00000000000000
1.18799250000000 0.00000000000000
1.20372750000000 0.00000000000000
1.21946250000000 0.00000000000000
1.23519750000000 0.00000000000000
1.25093250000000 0.00000000000000
1.26666750000000 0.00000000000000
1.28240250000000 0.00000000000000
1.29813750000000 0.00000000000000
1.31387250000000 0.00000000000000
1.32960750000000 0.00000000000000
1.34534250000000 0.00000000000000
1.36107750000000 0.00000000000000
1.37681250000000 0.00000000000000
1.39254750000000 0.00000000000000
1.40828250000000 0.00000000000000
1.42401750000000 0.00000000000000
1.43975250000000 0.00000000000000
1.45548750000000 0.00000000000000
1.47122250000000 0.00000000000000
1.48695750000000 0.00000000000000
1.50269250000000 0.00000000000000
1.51842750000000 0.00000000000000
1.53416250000000 0.00000000000000
1.54989750000000 0.00000000000000
1.56563250000000 0.00000000000000
1.58136750000000 0.00000000000000
1.59710250000000 0.00000000000000
1.61283750000000 0.00000000000000
1.62857250000000 0.00000000000000
1.64430750000000 0.00000000000000
1.66004250000000 0.00000000000000
1.67577750000000 0.00000000000000
1.69151250000000 0.00000000000000
1.70724750000000 0.00000000000000
1.72298250000000 0.00000000000000
1.73871750000000 0.00000000000000
1.75445250000000 0.00000000000000
1.77018750000000 0.00000000000000
1.78592250000000 0.00000000000000
1.80165750000000 0.00000000000000
1.81739250000000 0.00000000000000
1.83312750000000 0.00000000000000
1.84886250000000 0.00000000000000
1.86459750000000 0.00000000000000
1.88033250000000 0.00000000000000
1.89606750000000 0.00000000000000
1.91180250000000 0.00000000000000
1.92753750000000 0.00000000000000
1.94327250000000 0.00000000000000
1.95900750000000 0.00000000000000
1.97474250000000 0.00000000000000
1.99047750000000 0.00000000000000
2.00621250000000 0.00000000000000
2.02194750000000 0.00000000000000
2.03768250000000 0.00000000000000
2.05341750000000 0.00000000000000
2.06915250000000 0.00000000000000
2.08488750000000 0.00000000000000
2.10062250000000 0.00000000000000
2.11635750000000 0.00000000000000
2.13209250000000 0.00000000000000
2.14782750000000 0.00000000000000
2.16356250000000 0.00000000000000
2.17929750000000 0.00000000000000
2.19503250000000 0.00000000000000
2.21076750000000 0.00000000000000
2.22650250000000 0.00000000000000
2.24223750000000 0.00000000000000
2.25797250000000 0.00000000000000
2.27370750000000 0.00000000000000
2.28944250000000 0.00000000000000
2.30517750000000 0.00000000000000
2.32091250000000 0.00000000000000
2.33664750000000 0.00000000000000
2.35238250000000 0.00000000000000
2.36811750000000 0.00000000000000
2.38385250000000 0.00000000000000
2.39958750000000 0.00000000000000
2.41532250000000 0.00000000000000
2.43105750000000 0.00000000000000
2.44679250000000 0.00000000000000
2.46252750000000 0.00000000000000
2.47826250000000 0.00000000000000
2.49399750000000 0.00000000000000
2.50973250000000 0.00000000000000
2.52546750000000 0.00000000000000
2.54120250000000 0.00000000000000
2.55693750000000 0.00000000000000
2.57267250000000 0.00000000000000
2.58840750000000 0.00000000000000
2.60414250000000 0.00000000000000
2.61987750000000 0.00000000000000
2.63561250000000 0.00000000000000
2.65134750000000 0.00000000000000
2.66708250000000 0.00000000000000
2.68281750000000 0.00000000000000
2.69855250000000 0.00000000000000
2.71428750000000 0.00000000000000
2.73002250000000 0.00000000000000
2.74575750000000 -0.00567572965403
2.76149250000000 0.00141893241351
2.77722750000000 0.00693700291048
2.79296250000000 0.01087848183689
2.80869750000000 0.00781238525846
2.82443250000000 0.01001713979220
2.84016750000000 0.01590980086577
2.85590250000000 0.02918260326099
2.87163750000000 0.03640165839789
2.88737250000000 0.03242027636879
2.90310750000000 0.01868765519169
2.91884250000000 0.04619310837227
2.93457750000000 0.05288557848740
2.95031250000000 0.05571254393960
2.96604750000000 0.05322341739923
2.98178250000000 0.05287724678930
2.99751750000000 0.06489382857272
3.01325250000000 0.07231738284901
3.02898750000000 0.06787336157271
3.04472250000000 0.07864343990802
3.06045750000000 0.05451556668947
3.07619250000000 0.08878325080464
3.09192750000000 0.10837535719305
3.10766250000000 0.11805371952897
3.12339750000000 0.16683270840846
3.13913250000000 0.20136503598829
3.15486750000000 0.24423832247281
3.17060250000000 0.23486318306051
3.18633750000000 0.27110071343840
3.20207250000000 0.30202450043013
3.21780750000000 0.28512114271807
3.23354250000000 0.33908230000286
3.24927750000000 0.39413713683351
3.26501250000000 0.42858180411942
3.28074750000000 0.49474896850933
3.29648250000000 0.50266324334946
3.31221750000000 0.48376237155006
3.32795250000000 0.46404912113809
3.34368750000000 0.52038960895039
3.35942250000000 0.61515900983732
3.37515750000000 0.70222102103193
3.39089250000000 0.82874434423337
3.40662750000000 0.95351332160691
3.42236250000000 1.03060661597995
3.43809750000000 1.06294452143606
3.45383250000000 1.09183359661061
3.46956750000000 1.01745851540140
3.48530250000000 0.92991792798606
3.50103750000000 0.93674894280259
3.51677250000000 0.94299439916014
3.53250750000000 0.90482567275680
3.54824250000000 0.86580916549470
3.56397750000000 0.88352216266961
3.57971250000000 0.84820079149413
3.59544750000000 0.96545165304188
3.61118250000000 1.05839915526207
3.62691750000000 1.07320287906750
3.64265250000000 1.08420804246230
3.65838750000000 1.13990090288011
3.67412250000000 1.15395182836343
3.68985750000000 1.08730304359305
3.70559250000000 1.02216687215433
3.72132750000000 0.96052265763273
3.73706250000000 0.89472379191003
3.75279750000000 0.92174305685412
3.76853250000000 0.86953801909292
3.78426750000000 0.86569796238632
3.80000250000000 0.85576675649349
3.81573750000000 0.87433128754309
3.83147250000000 0.92071324468907
3.84720750000000 0.86869986672047
3.86294250000000 0.89362500556600
3.87867750000000 0.86684742764851
3.89441250000000 0.82784504179847
3.91014750000000 0.80266408779236
3.92588250000000 0.74711961996831
3.94161750000000 0.69375861287622
3.95735250000000 0.69000528785867
3.97308750000000 0.71891271509635
3.98882250000000 0.71735795078688
4.00455750000000 0.70522944745540
4.02029250000000 0.75513121914867
4.03602750000000 0.73994635794953
4.05176250000000 0.68667853232082
4.06749750000000 0.64078790646198
4.08323250000000 0.56867610694557
4.09896750000000 0.53295962500338
4.11470250000000 0.56666931731552
4.13043750000000 0.57776254527557
4.14617250000000 0.59703541913326
4.16190750000000 0.65624303662878
4.17764250000000 0.74202046598479
4.19337750000000 0.78821702797419
4.20911250000000 0.74019346989804
4.22484750000000 0.63796322864006
4.24058250000000 0.59361440754267
4.25631750000000 0.56725352899013
4.27205250000000 0.53794505780253
4.28778750000000 0.46365384092655
4.30352250000000 0.42629467698076
4.31925750000000 0.43469907381717
4.33499250000000 0.43383236497551
4.35072750000000 0.46809780161566
4.36646250000000 0.44559203493081
4.38219750000000 0.44078647088519
4.39793250000000 0.47763258516539
4.41366750000000 0.53424359185432
4.42940250000000 0.58614920582932
4.44513750000000 0.59840166150311
4.46087250000000 0.58721237509696
4.47660750000000 0.58164186712395
4.49234250000000 0.53383181567474
4.50807750000000 0.53735472340388
4.52381250000000 0.53197542234583
4.53954750000000 0.51745830312031
4.55528250000000 0.51289610141368
4.57101750000000 0.51701520557292
4.58675250000000 0.55028688427308
4.60248750000000 0.54041621909955
4.61822250000000 0.53187146726136
4.63395750000000 0.55978238802079
4.64969250000000 0.58952016470473
4.66542750000000 0.62093941323331
4.68116250000000 0.66178000674468
4.69689750000000 0.69257860236876
4.71263250000000 0.73603393788357
4.72836750000000 0.77446330766812
4.74410250000000 0.76712649754575
4.75983750000000 0.74410961535504
4.77557250000000 0.74656483277840
4.79130750000000 0.74761415219078
4.80704250000000 0.72261904732877
4.82277750000000 0.68782825441355
4.83851250000000 0.70136761413097
4.85424750000000 0.70400700048223
4.86998250000000 0.73969350992690
4.88571750000000 0.77606706350827
4.90145250000000 0.76510986983502
4.91718750000000 0.81147030374041
4.93292250000000 0.83431372098575
4.94865750000000 0.82641846038799
4.96439250000000 0.81507863541373
4.98012750000000 0.81344663226113
4.99586250000000 0.81366830454071
5.01159750000000 0.81712032357800
5.02733250000000 0.83802736527277
5.04306750000000 0.89927994775891
5.05880250000000 0.94259224175817
5.07453750000000 0.99586405189778
5.09027250000000 1.03573824720311
5.10600750000000 1.02320907170563
5.12174250000000 1.02840703718940
5.13747750000000 1.04207336275358
5.15321250000000 0.95014458821824
5.16894750000000 0.91695262422648
5.18468250000000 0.90674404731202
5.20041750000000 0.94890130259215
5.21615250000000 0.99371492545548
5.23188750000000 0.98671817943001
5.24762250000000 1.06429693274509
5.26335750000000 1.07521736760512
5.27909250000000 1.08571435272753
5.29482750000000 1.09498784621606
5.31056250000000 1.04727253519527
5.32629750000000 1.05931943320827
5.34203250000000 1.02641441666841
5.35776750000000 0.97042967824557
5.37350250000000 0.96372603100387
5.38923750000000 0.94052378958210
5.40497250000000 0.98958941542079
5.42070750000000 0.97510387372178
5.43644250000000 0.95469309013743
5.45217750000000 0.96441401033166
5.46791250000000 0.95626940431964
5.48364750000000 0.95097556279992
5.49938250000000 0.90638080633384
5.51511750000000 0.89292001068605
5.53085250000000 0.92712598529105
5.54658750000000 0.95887613137448
5.56232250000000 0.95127445694072
5.57805750000000 0.93023951925234
5.59379250000000 0.93031007982789
5.60952750000000 0.91714849744486
5.62526250000000 0.90130768326174
5.64099750000000 0.91982470301687
5.65673250000000 0.90182071470840
5.67246750000000 0.88952888768260
5.68820250000000 0.88728151490073
5.70393750000000 0.85583212125667
5.71967250000000 0.83291477917685
5.73540750000000 0.82146292201376
5.75114250000000 0.84929569385443
5.76687750000000 0.88140911010969
5.78261250000000 0.91698343438972
5.79834750000000 0.92502581135238
5.81408250000000 0.90982285622737
5.82981750000000 0.90452544888441
5.84555250000000 0.88534522460636
5.86128750000000 0.87464901118940
5.87702250000000 0.89037051744938
5.89275750000000 0.87477572075274
5.90849250000000 0.87580214887171
5.92422750000000 0.84286049587847
5.93996250000000 0.81957754003897
5.95569750000000 0.82750669227111
5.97143250000000 0.82705476700691
5.98716750000000 0.84812448166312
6.00290250000000 0.87394914311172
6.01863750000000 0.92040174817045
6.03437250000000 0.94608077227843
6.05010750000000 0.93991924216138
6.06584250000000 0.93056215118744
6.08157750000000 0.88787389337195
6.09731250000000 0.85840887333238
6.11304750000000 0.85080501808120
6.12878250000000 0.84134876724285
6.14451750000000 0.86995340984082
6.16025250000000 0.91533152751437
6.17598750000000 0.96655130729325
6.19172250000000 0.97906512312765
6.20745750000000 1.00826630564408
6.22319250000000 0.97634697233456
6.23892750000000 0.95356801242466
6.25466250000000 0.90705981675707
6.27039750000000 0.89273275781565
6.28613250000000 0.89796090923564
6.30186750000000 0.88160688865870
6.31760250000000 0.88792704504914
6.33333750000000 0.92600015214328
6.34907250000000 0.94234429749286
6.36480750000000 0.96649528909553
6.38054250000000 0.93411550192570
6.39627750000000 0.95270658963667
6.41201250000000 0.94696457779296
6.42774750000000 0.96900073167223
6.44348250000000 0.95783535738674
6.45921750000000 0.92583353521657
6.47495250000000 0.95066398524908
6.49068750000000 0.98954848275256
6.50642250000000 0.98328462960497
6.52215750000000 0.96024571868319
6.53789250000000 0.95343627676620
6.55362750000000 0.94969115481570
6.56936250000000 0.91311032597747
6.58509750000000 0.87999996471980
6.60083250000000 0.87238589147271
6.61656750000000 0.87127772798796
6.63230250000000 0.91893586618043
6.64803750000000 0.93400017095457
6.66377250000000 0.92753319497285
6.67950750000000 0.95041697515805
6.69524250000000 0.98043277513548
6.71097750000000 0.98140012085360
6.72671250000000 0.96466003365791
6.74244750000000 0.96448709300811
6.75818250000000 0.97367149026767
6.77391750000000 0.97291398974769
6.78965250000000 0.98335991287975
6.80538750000000 0.95942878604970
6.82112250000000 1.00775730531502
6.83685750000000 1.03753988454378
6.85259250000000 1.02573112017894
6.86832750000000 1.04666300760635
6.88406250000000 1.06837153826843
6.89979750000000 1.06747444860429
6.91553250000000 1.07716329304859
6.93126750000000 1.05876890183469
6.94700250000000 1.05018148301328
6.96273750000000 1.02435478453678
6.97847250000000 1.03385835595390
6.99420750000000 1.01904731956684
7.00994250000000 0.98425900919341
7.02567750000000 1.00533620158397
7.04141250000000 1.00847567506703
7.05714750000000 1.00160225865437
7.07288250000000 1.03025524608622
7.08861750000000 1.01441760691994
7.10435250000000 1.02521151633460
7.12008750000000 1.02040632620018
7.13582250000000 0.97593368336665
7.15155750000000 0.94076914139665
7.16729250000000 0.90781575140269
7.18302750000000 0.91496001443930
7.19876250000000 0.92771074741203
7.21449750000000 0.92957310279664
7.23023250000000 0.95049561390659
7.24596750000000 0.93776632012668
7.26170250000000 0.96806556515105
7.27743750000000 0.98636077529293
7.29317250000000 0.96195357581693
7.30890750000000 0.95395272907669
7.32464250000000 0.95803704665093
7.34037750000000 0.98697956576331
7.35611250000000 1.00989491317338
7.37184750000000 0.99461773714026
7.38758250000000 0.98502320938784
7.40331750000000 0.94769792889990
7.41905250000000 0.98616072880531
7.43478750000000 0.98425621743197
7.45052250000000 0.95527912469189
7.46625750000000 0.97601611699532
7.48199250000000 0.98347350732684
7.49772750000000 1.00077210329195
7.51346250000000 1.00230495591223
7.52919750000000 1.01085184686256
7.54493250000000 1.03201055394279
7.56066750000000 1.02644283949094
7.57640250000000 1.04764856220772
7.59213750000000 1.04349799051187
7.60787250000000 0.99938526227889
7.62360750000000 0.99142385278781
7.63934250000000 0.97632008153119
7.65507750000000 0.96344415418977
7.67081250000000 0.95739380832061
7.68654750000000 0.97168906102569
7.70228250000000 0.99635372683033
7.71801750000000 0.98587415811457
7.73375250000000 1.00298695460317
7.74948750000000 1.01446500123008
7.76522250000000 0.99760559879723
7.78095750000000 0.99051833603629
7.79669250000000 0.99082479753051
7.81242750000000 0.97680292222680
7.82816250000000 0.95209923572003
7.84389750000000 0.92403209475503
7.85963250000000 0.91137166251414
7.87536750000000 0.90116358700697
7.89110250000000 0.91283183037770
7.90683750000000 0.92850105667162
7.92257250000000 0.91962502768878
7.93830750000000 0.95521208200767
7.95404250000000 0.97419079628214
7.96977750000000 0.98822917180200
7.98551250000000 1.01160943072385
8.00124750000000 1.02420069400932
8.01698250000000 1.02823084227190
8.03271750000000 1.03010871529612
8.04845250000000 1.01245505013676
8.06418750000000 0.98495630127489
8.07992250000000 0.94709405808522
8.09565750000000 0.94198346157789
8.11139250000000 0.93021188696359
8.12712750000000 0.92758313099742
8.14286250000000 0.93781332246307
8.15859750000000 0.95281646379506
8.17433250000000 0.96975785347893
8.19006750000000 0.97793126984943
8.20580250000000 0.97806198379374
8.22153750000000 0.98398592973132
8.23727250000000 0.96004030425909
8.25300750000000 0.95805223950578
8.26874250000000 0.96411039413140
8.28447750000000 0.93723703597761
8.30021250000000 0.93873225817088
8.31594750000000 0.95360681695953
8.33168250000000 0.96756555515516
8.34741750000000 0.99604529005854
8.36315250000000 0.99019231179570
8.37888750000000 0.96384625738047
8.39462250000000 0.92807672019398
8.41035750000000 0.93507288285054
8.42609250000000 0.92745855399155
8.44182750000000 0.89332732496606
8.45756250000000 0.90283101431300
8.47329750000000 0.94693637654496
8.48903250000000 0.96702112425010
8.50476750000000 0.98160139551293
8.52050250000000 0.97939863246280
8.53623750000000 0.96875134751814
8.55197250000000 0.99179783038673
8.56770750000000 1.02055295005684
8.58344250000000 1.00583101917128
8.59917750000000 0.98169929740184
8.61491250000000 0.99506669810561
8.63064750000000 1.02641434933051
8.64638250000000 1.01860203644100
8.66211750000000 0.99945850111519
8.67785250000000 1.00810394573496
8.69358750000000 1.00918041268467
8.70932250000000 1.02221765355945
8.72505750000000 1.01228929324915
8.74079250000000 0.97060256880392
8.75652750000000 0.95425594120299
8.77226250000000 0.94377670643172
8.78799750000000 0.95172359971419
8.80373250000000 0.95639301691427
8.81946750000000 0.96058822669553
8.83520250000000 0.96880982819454
8.85093750000000 0.96650330035589
8.86667250000000 0.97433307443327
8.88240750000000 0.95483727681268
8.89814250000000 0.94405208376336
8.91387750000000 0.93916910230070
8.92961250000000 0.94308026378137
8.94534750000000 0.94606329045316
8.96108250000000 0.93238803829341
8.97681750000000 0.91622583007441
8.99255250000000 0.92390983615822
9.00828750000000 0.90157869295592
9.02402250000000 0.90032802471213
9.03975750000000 0.88726210428811
9.05549250000000 0.89783865652779
9.07122750000000 0.91414094066320
9.08696250000000 0.93912094154395
9.10269750000000 0.95129628364090
9.11843250000000 0.97042743216349
9.13416750000000 0.98236672585584
9.14990250000000 1.04320237186584
9.16563750000000 1.02094936953187
9.18137250000000 1.00105218899153
9.19710750000000 0.99427062559422
9.21284250000000 0.99624340131776
9.22857750000000 0.99028309261069
9.24431250000000 0.97598063921397
9.26004750000000 0.97067054373207
9.27578250000000 0.96914954208860
9.29151750000000 0.95853286551896
9.30725250000000 0.98687867544846
9.32298750000000 0.96576405005689
9.33872250000000 0.94200531781751
9.35445750000000 0.96335332265115
9.37019250000000 0.98115083009843
9.38592750000000 0.98716839041754
9.40166250000000 0.98448877542315
9.41739750000000 0.97086528244777
9.43313250000000 0.97858319999324
9.44886750000000 0.97328689465831
9.46460250000000 0.97556076619480
9.48033750000000 0.96959908699509
9.49607250000000 0.96563252007271
9.51180750000000 1.00317169615955
9.52754250000000 1.00334856933915
9.54327750000000 0.99851086750324
9.55901250000000 0.95762846069046
9.57474750000000 0.94487328683626
9.59048250000000 0.95149394870073
9.60621750000000 0.95534818127345
9.62195250000000 0.96913925110117
9.63768750000000 0.96514869138528
9.65342250000000 0.99381784921220
9.66915750000000 1.03059733174631
9.68489250000000 1.03357408150579
9.70062750000000 1.03279789234102
9.71636250000000 0.99603608675994
9.73209750000000 1.00317499245551
9.74783250000000 0.99570021540580
9.76356750000000 0.99912858556684
9.77930250000000 0.98914305891783
9.79503750000000 0.97564133442507
9.81077250000000 0.98627964469762
9.82650750000000 1.00033401532124
9.84224250000000 1.01978714214129
9.85797750000000 1.03630986463226
9.87371250000000 1.03005053662794
9.88944750000000 1.03287387517720
9.90518250000000 1.00682907340664
9.92091750000000 0.98812463271050
9.93665250000000 0.95880789624243
9.95238750000000 0.93653743431471
9.96812250000000 0.92959384705773
9.98385750000000 0.93617412920925
9.99959250000000 0.97871434939902
10.01532750000000 1.02112233049925
10.03106250000000 1.01527947643008
10.04679750000000 1.01751936405913
10.06253250000000 1.02339175363390
10.07826750000000 1.01653221139264
10.09400250000000 0.98745820142013
10.10973750000000 0.96874082560761
10.12547250000000 0.98176622315567
10.14120750000000 0.98329152411385
10.15694250000000 0.98694375612708
10.17267750000000 0.98563527908052
10.18841250000000 0.97595959563317
10.20414750000000 0.97276252841176
10.21988250000000 1.00493845419455
10.23561750000000 1.00563182239129
10.25135250000000 1.00298055379164
10.26708750000000 1.01014945449029
10.28282250000000 1.03122071264325
10.29855750000000 1.04205084279538
10.31429250000000 1.02443012439016
10.33002750000000 1.00806765933702
10.34576250000000 1.01962944352651
10.36149750000000 0.99522280221459
10.37723250000000 0.99862337258802
10.39296750000000 0.98229469959496
10.40870250000000 0.95774767233531
10.42443750000000 0.95399829028700
10.44017250000000 0.97190433580698
10.45590750000000 0.96529752087808
10.47164250000000 0.97309562541442
10.48737750000000 0.97783484797744
10.50311250000000 0.99484337657515
10.51884750000000 0.99047474387238
10.53458250000000 1.00148541560265
10.55031750000000 0.99750080966359
10.56605250000000 1.00270732508494
10.58178750000000 0.99604861048955
10.59752250000000 1.00444999409974
10.61325750000000 0.98178372490727
10.62899250000000 1.00024731973718
10.64472750000000 1.01505236403289
10.66046250000000 1.01703993112487
10.67619750000000 1.03009932661960
10.69193250000000 1.04084027600762
10.70766750000000 1.03175780395348
10.72340250000000 1.00547678053172
10.73913750000000 0.95698118778640
10.75487250000000 0.95682523958408
10.77060750000000 0.94061194612806
10.78634250000000 0.93837659996256
10.80207750000000 0.95427477579331
10.81781250000000 0.95785258781038
10.83354750000000 0.99651360948873
10.84928250000000 1.00485068457088
10.86501750000000 1.00683251621050
10.88075250000000 0.98661585854081
10.89648750000000 0.96770845586351
10.91222250000000 0.96983410499346
10.92795750000000 0.97385953914237
10.94369250000000 0.96938906206844
10.95942750000000 0.96502602713758
10.97516250000000 0.96110667003517
10.99089750000000 0.95796722644661
11.00663250000000 0.95594393205730
