0.00786750000000 0.00000000000000
0.02360250000000 0.00000000000000
0.03933750000000 0.00000000000000
0.05507250000000 0.00000000000000
0.07080750000000 0.00000000000000
0.08654250000000 0.00000000000000
0.10227750000000 0.00000000000000
0.11801250000000 0.00000000000000
0.13374750000000 0.00000000000000
0.14948250000000 0.00000000000000
0.16521750000000 0.00000000000000
0.18095250000000 0.00000000000000
0.19668750000000 0.00000000000000
0.21242250000000 0.00000000000000
0.22815750000000 0.00000000000000
0.24389250000000 0.00000000000000
0.25962750000000 0.00000000000000
0.27536250000000 0.00000000000000
0.29109750000000 0.00000000000000
0.30683250000000 0.00000000000000
0.32256750000000 0.00000000000000
0.33830250000000 0.00000000000000
0.35403750000000 0.00000000000000
0.36977250000000 0.00000000000000
0.38550750000000 0.00000000000000
0.40124250000000 0.00000000000000
0.41697750000000 0.00000000000000
0.43271250000000 0.00000000000000
0.44844750000000 0.00000000000000
0.46418250000000 0.00000000000000
0.47991750000000 0.00000000000000
0.49565250000000 0.00000000000000
0.51138750000000 0.00000000000000
0.52712250000000 0.00000000000000
0.54285750000000 0.00000000000000
0.55859250000000 0.00000000000000
0.57432750000000 0.00000000000000
0.59006250000000 0.00000000000000
0.60579750000000 0.00000000000000
0.62153250000000 0.00000000000000
0.63726750000000 0.00000000000000
0.65300250000000 0.00000000000000
0.66873750000000 0.00000000000000
0.68447250000000 0.00000000000000
0.70020750000000 0.00000000000000
0.71594250000000 0.00000000000000
0.73167750000000 0.00000000000000
0.74741250000000 0.00000000000000
0.76314750000000 0.00000000000000
0.77888250000000 0.00000000000000
0.79461750000000 0.00000000000000
0.81035250000000 0.00000000000000
0.82608750000000 0.00000000000000
0.84182250000000 0.00000000000000
0.85755750000000 0.00000000000000
0.87329250000000 0.00000000000000
0.88902750000000 0.00000000000000
0.90476250000000 0.00000000000000
0.92049750000000 0.00000000000000
0.93623250000000 0.00000000000000
0.95196750000000 0.00000000000000
0.96770250000000 0.00000000000000
0.98343750000000 0.00000000000000
0.99917250000000 0.00000000000000
1.01490750000000 0.00000000000000
1.03064250000000 0.00000000000000
1.04637750000000 0.00000000000000
1.06211250000000 0.00000000000000
1.07784750000000 0.00000000000000
1.09358250000000 0.00000000000000
1.10931750000000 0.00000000000000
1.12505250000000 0.00000000000000
1.14078750000000 0.00000000000000
1.15652250000000 0.00000000000000
1.17225750000000 0.00000000000000
1.18799250000000 0.00000000000000
1.20372750000000 0.00000000000000
1.21946250000000 0.00000000000000
1.23519750000000 0.00000000000000
1.25093250000000 0.00000000000000
1.26666750000000 0.00000000000000
1.28240250000000 0.00000000000000
1.29813750000000 0.00000000000000
1.31387250000000 0.00000000000000
1.32960750000000 0.00000000000000
1.34534250000000 0.00000000000000
1.36107750000000 0.00000000000000
1.37681250000000 0.00000000000000
1.39254750000000 0.00000000000000
1.40828250000000 0.00000000000000
1.42401750000000 0.00000000000000
1.43975250000000 0.00000000000000
1.45548750000000 0.00000000000000
1.47122250000000 0.00000000000000
1.48695750000000 0.00000000000000
1.50269250000000 0.00000000000000
1.51842750000000 0.00000000000000
1.53416250000000 0.00000000000000
1.54989750000000 0.00000000000000
1.56563250000000 0.00000000000000
1.58136750000000 0.00000000000000
1.59710250000000 0.00000000000000
1.61283750000000 0.00000000000000
1.62857250000000 0.00000000000000
1.64430750000000 0.00000000000000
1.66004250000000 0.00000000000000
1.67577750000000 0.00000000000000
1.69151250000000 0.00000000000000
1.70724750000000 0.00000000000000
1.72298250000000 0.00000000000000
1.73871750000000 0.00000000000000
1.75445250000000 0.00000000000000
1.77018750000000 0.00000000000000
1.78592250000000 0.00000000000000
1.80165750000000 0.00000000000000
1.81739250000000 0.00000000000000
1.83312750000000 0.00000000000000
1.84886250000000 0.00000000000000
1.86459750000000 0.00000000000000
1.88033250000000 0.00000000000000
1.89606750000000 0.00000000000000
1.91180250000000 0.00000000000000
1.92753750000000 0.00000000000000
1.94327250000000 0.00000000000000
1.95900750000000 0.00000000000000
1.97474250000000 0.00000000000000
1.99047750000000 0.00000000000000
2.00621250000000 0.00000000000000
2.02194750000000 0.00000000000000
2.03768250000000 0.00000000000000
2.05341750000000 0.00000000000000
2.06915250000000 0.00000000000000
2.08488750000000 0.00000000000000
2.10062250000000 0.00000000000000
2.11635750000000 0.00000000000000
2.13209250000000 0.00000000000000
2.14782750000000 0.00000000000000
2.16356250000000 0.00000000000000
2.17929750000000 0.00000000000000
2.19503250000000 0.00000000000000
2.21076750000000 0.00000000000000
2.22650250000000 0.00000000000000
2.24223750000000 0.00000000000000
2.25797250000000 0.00000000000000
2.27370750000000 0.00000000000000
2.28944250000000 0.00000000000000
2.30517750000000 0.00000000000000
2.32091250000000 0.00000000000000
2.33664750000000 0.00000000000000
2.35238250000000 0.00000000000000
2.36811750000000 0.00000000000000
2.38385250000000 0.00000000000000
2.39958750000000 0.00000000000000
2.41532250000000 0.00000000000000
2.43105750000000 0.00000000000000
2.44679250000000 0.00000000000000
2.46252750000000 0.00000000000000
2.47826250000000 0.00000000000000
2.49399750000000 0.00000000000000
2.50973250000000 0.00000000000000
2.52546750000000 0.00000000000000
2.54120250000000 0.00000000000000
2.55693750000000 0.00000000000000
2.57267250000000 0.00000000000000
2.58840750000000 0.00000000000000
2.60414250000000 0.00000000000000
2.61987750000000 0.00000000000000
2.63561250000000 0.00000000000000
2.65134750000000 0.00000000000000
2.66708250000000 0.00000000000000
2.68281750000000 0.00000000000000
2.69855250000000 0.00000000000000
2.71428750000000 0.00000000000000
2.73002250000000 0.00000000000000
2.74575750000000 0.00000000000000
2.76149250000000 0.00000000000000
2.77722750000000 0.00000000000000
2.79296250000000 0.00000000000000
2.80869750000000 0.00000000000000
2.82443250000000 0.06763577837716
2.84016750000000 0.00000000000000
2.85590250000000 0.00000000000000
2.87163750000000 0.00000000000000
2.88737250000000 0.06471922521670
2.90310750000000 0.06401956476841
2.91884250000000 0.06333118901992
2.93457750000000 0.00000000000000
2.95031250000000 0.00000000000000
2.96604750000000 0.06133138806641
2.98178250000000 0.18205740150138
2.99751750000000 0.00000000000000
3.01325250000000 0.05942483410487
3.02898750000000 0.05880903825450
3.04472250000000 0.05820276490706
3.06045750000000 0.11521163746403
3.07619250000000 0.05701800938170
3.09192750000000 0.11287830267902
3.10766250000000 0.16760719132060
3.12339750000000 0.00000000000000
3.13913250000000 0.32852699594049
3.15486750000000 0.21683873180869
3.17060250000000 0.21469183129754
3.18633750000000 0.42515331607085
3.20207250000000 0.21049258992780
3.21780750000000 0.26054877506616
3.23354250000000 0.20641535621994
3.24927750000000 0.56215780649015
3.26501250000000 0.35429703579036
3.28074750000000 0.45116570511080
3.29648250000000 0.64547733106223
3.31221750000000 0.54099616877075
3.32795250000000 0.43845747493189
3.34368750000000 0.48260059302977
3.35942250000000 0.43028130608668
3.37515750000000 0.61573592640997
3.39089250000000 0.93851493654438
3.40662750000000 1.06934485443044
3.42236250000000 1.19773456208534
3.43809750000000 0.91292032559713
3.45383250000000 1.04031427342723
3.46956750000000 1.03089972916300
3.48530250000000 0.93277654580917
3.50103750000000 0.96843045954881
3.51677250000000 1.09066342808727
3.53250750000000 0.56210372721275
3.54824250000000 0.89997824627839
3.56397750000000 1.23187715463062
3.57971250000000 0.71580040802192
3.59544750000000 0.83476343057068
3.61118250000000 0.91025513047655
3.62691750000000 1.18949324138587
3.64265250000000 1.01658539058991
3.65838750000000 1.65288939885129
3.67412250000000 0.79939620751313
3.68985750000000 1.07000038364503
3.70559250000000 0.94305123403009
3.72132750000000 1.01301746346234
3.73706250000000 1.08177435904963
3.75279750000000 0.68960694021500
3.76853250000000 0.98779813760142
3.78426750000000 0.79121594186303
3.80000250000000 0.93413929108274
3.81573750000000 0.74116075634880
3.83147250000000 0.95561141303592
3.84720750000000 0.94781054703938
3.86294250000000 0.90394693543465
3.87867750000000 0.89662756720378
3.89441250000000 0.78266913038505
3.91014750000000 0.67051230183251
3.92588250000000 0.94521064567421
3.94161750000000 0.62511941783507
3.95735250000000 0.65461141091282
3.97308750000000 0.85452190027069
3.98882250000000 0.44085257646156
4.00455750000000 0.74020679952102
4.02029250000000 0.93472140799945
4.03602750000000 0.76183175038350
4.05176250000000 0.59159434506945
4.06749750000000 0.71747630992497
4.08323250000000 0.64723389882388
4.09896750000000 0.41747827969356
4.11470250000000 0.41429143813117
4.13043750000000 0.53764585525837
4.14617250000000 0.81605251787875
4.16190750000000 0.68529463563510
4.17764250000000 0.71105761733498
4.19337750000000 0.58299547795100
4.20911250000000 0.82228469546280
4.22484750000000 0.78594252424710
4.24058250000000 0.75011611008658
4.25631750000000 0.50631455167693
4.27205250000000 0.20694951010462
4.28778750000000 0.38151917752602
4.30352250000000 0.67006851566771
4.31925750000000 0.60735224107841
4.33499250000000 0.37325547827324
4.35072750000000 0.31355119621753
4.36646250000000 0.42449378451870
4.38219750000000 0.50574099767873
4.39793250000000 0.36264841700750
4.41366750000000 0.72013460083879
4.42940250000000 0.52251993883987
4.44513750000000 0.60074732340261
4.46087250000000 0.54228793272270
4.47660750000000 0.61925478189878
4.49234250000000 0.64166018774372
4.50807750000000 0.45134200032144
4.52381250000000 0.44820769351473
4.53954750000000 0.54983672790628
4.55528250000000 0.52004263386098
4.57101750000000 0.56811531898096
4.58675250000000 0.56422413343061
4.60248750000000 0.45848682749716
4.61822250000000 0.60715717540799
4.63395750000000 0.52766076247070
4.64969250000000 0.59896628646692
4.66542750000000 0.52056625140960
4.68116250000000 0.71405254327462
4.69689750000000 0.78264969925546
4.71263250000000 0.70454779892209
4.72836750000000 0.69986643547914
4.74410250000000 0.79112558582139
4.75983750000000 0.80971891601787
4.77557250000000 0.75707467027173
4.79130750000000 0.75211026405168
4.80704250000000 0.56039589618652
4.82277750000000 0.81191996891719
4.83851250000000 0.76055362106044
4.85424750000000 0.64114142157567
4.86998250000000 0.65975521969069
4.88571750000000 0.76853182095387
4.90145250000000 0.89835923746586
4.91718750000000 0.71409515395444
4.93292250000000 0.93128016529261
4.94865750000000 0.77113941273417
4.96439250000000 0.78815190845165
4.98012750000000 0.91370925071137
4.99586250000000 0.71339924122689
5.01159750000000 0.81633964453095
5.02733250000000 0.89663096350923
5.04306750000000 0.86982915074365
5.05880250000000 0.84334292939917
5.07453750000000 1.06860428582703
5.09027250000000 0.97871324023546
5.10600750000000 1.24173243650036
5.12174250000000 0.92558585254466
5.13747750000000 0.98125311434183
5.15321250000000 1.03622424987946
5.16894750000000 0.78758973171088
5.18468250000000 1.06382751766718
5.20041750000000 0.95764489942757
5.21615250000000 0.63458398116605
5.23188750000000 1.20241041639892
5.24762250000000 1.17561676288905
5.26335750000000 1.05173835863274
5.27909250000000 1.12292084682132
5.29482750000000 0.86606119223065
5.31056250000000 1.33923468744802
5.32629750000000 0.89389543112988
5.34203250000000 0.92645158846794
5.35776750000000 1.12777698420423
5.37350250000000 1.08380908881223
5.38923750000000 0.89171546503121
5.40497250000000 0.70183711088904
5.42070750000000 0.97320343614048
5.43644250000000 1.16839607361337
5.45217750000000 1.07090699122729
5.46791250000000 0.90233251723374
5.48364750000000 0.86127510858394
5.49938250000000 0.90987564683809
5.51511750000000 0.86921309862688
5.53085250000000 0.82899789499350
5.54658750000000 1.06983751437650
5.56232250000000 0.99403631628132
5.57805750000000 0.98843612653677
5.59379250000000 0.93115243822380
5.60952750000000 0.82305414367591
5.62526250000000 0.80140491933004
5.64099750000000 0.93258968883313
5.65673250000000 1.01171852549359
5.67246750000000 0.92227066349559
5.68820250000000 0.95052708604263
5.70393750000000 0.81261774980920
5.71967250000000 0.67620950946227
5.73540750000000 0.85293223368193
5.75114250000000 0.89721014882395
5.76687750000000 0.84364869240702
5.78261250000000 0.98428621241165
5.79834750000000 0.89870942769975
5.81408250000000 0.97365972493686
5.82981750000000 0.88903295572007
5.84555250000000 0.82109227589123
5.86128750000000 0.84810078718475
5.87702250000000 0.93729499966046
5.89275750000000 0.87014303121808
5.90849250000000 0.83460338528895
5.92422750000000 0.96853842345698
5.93996250000000 0.84107562132753
5.95569750000000 0.71494454872903
5.97143250000000 0.80197084348482
5.98716750000000 0.75260474761938
6.00290250000000 1.00321031965248
6.01863750000000 0.99797163540176
6.03437250000000 0.81496363139753
6.05010750000000 1.03183826281066
6.06584250000000 0.93850693719764
6.08157750000000 0.86071484680068
6.09731250000000 0.84176499265314
6.11304750000000 0.86631430513652
6.12878250000000 0.86187167743551
6.14451750000000 0.81458997947794
6.16025250000000 0.83887019498884
6.17598750000000 1.00435053007399
6.19172250000000 1.05554822007897
6.20745750000000 0.99419282045223
6.22319250000000 1.04489963587135
6.23892750000000 0.97032662441676
6.25466250000000 0.79994480068408
6.27039750000000 0.94688826189862
6.28613250000000 0.71002897369299
6.30186750000000 1.04614523239988
6.31760250000000 0.89223474901147
6.33333750000000 0.98196812075494
6.34907250000000 0.89679674602641
6.36480750000000 0.82577349263912
6.38054250000000 0.99399877157423
6.39627750000000 1.08143159812685
6.41201250000000 0.94489504988765
6.42774750000000 0.88803707068002
6.44348250000000 0.90969652029246
6.45921750000000 0.99579676019088
6.47495250000000 0.93948421758631
6.49068750000000 0.99897128709044
6.50642250000000 0.87943626960745
6.52215750000000 1.02740638392125
6.53789250000000 1.12345132879461
6.55362750000000 0.85425044572452
6.56936250000000 0.77514873693694
6.58509750000000 0.93320413307391
6.60083250000000 0.99067766643848
6.61656750000000 0.82575102078928
6.63230250000000 0.78503882143046
6.64803750000000 0.94003412012656
6.66377250000000 1.10570909700657
6.67950750000000 0.87072983976626
6.69524250000000 0.99904553948781
6.71097750000000 0.92248428547930
6.72671250000000 0.97779528268902
6.74244750000000 1.02071177088592
6.75818250000000 0.93326951564657
6.77391750000000 0.96421496363184
6.78965250000000 1.00656813606627
6.80538750000000 0.99026864949021
6.82112250000000 0.91612601646333
6.83685750000000 1.08506216866543
6.85259250000000 0.98816271499310
6.86832750000000 1.01795327067958
6.88406250000000 1.30932680210377
6.89979750000000 0.88401928752298
6.91553250000000 0.97025754034988
6.93126750000000 1.21293705803642
6.94700250000000 1.02856738082309
6.96273750000000 1.00166453184924
6.97847250000000 1.13010620871332
6.99420750000000 0.84928515485862
7.00994250000000 1.11998213220604
7.02567750000000 0.92914252903971
7.04141250000000 0.95764144569197
7.05714750000000 1.12671684190648
7.07288250000000 0.94913857056562
7.08861750000000 1.07378356506189
7.10435250000000 0.98350973266887
7.12008750000000 0.98981065877570
7.13582250000000 1.03843146358686
7.15155750000000 0.96001929868610
7.16729250000000 0.92429851775015
7.18302750000000 0.93071087973587
7.19876250000000 0.74964672530610
7.21449750000000 0.89150979794327
7.23023250000000 1.08373878864148
7.24596750000000 1.04820747761868
7.26170250000000 0.97204539265843
7.27743750000000 0.86596792017343
7.29317250000000 0.93324291902333
7.30890750000000 0.87872740233871
7.32464250000000 1.16660806119784
7.34037750000000 0.91126449890723
7.35611250000000 0.97716792074060
7.37184750000000 1.03257238334271
7.38758250000000 0.92931515101401
7.40331750000000 1.05334558708936
7.41905250000000 0.94105324712325
7.43478750000000 0.89802941250159
7.45052250000000 1.00116029612038
7.46625750000000 0.97758673737283
7.48199250000000 1.09877854374903
7.49772750000000 0.89261360237874
7.51346250000000 0.89843665969689
7.52919750000000 1.18022324594971
7.54493250000000 0.99521849921940
7.56066750000000 0.97220266096382
7.57640250000000 1.04336619438550
7.59213750000000 1.12329280395550
7.60787250000000 1.00678599429533
7.62360750000000 0.91908144658819
7.63934250000000 1.02624458421758
7.65507750000000 0.97599264445000
7.67081250000000 0.86195577301286
7.68654750000000 0.97714949383431
7.70228250000000 1.04592084506264
7.71801750000000 1.02354464647346
7.73375250000000 0.97427841924671
7.74948750000000 0.99727947608372
7.76522250000000 1.03798253958715
7.78095750000000 0.90902107757446
7.79669250000000 1.04737225144743
7.81242750000000 0.97243493849347
7.82816250000000 0.95972476816746
7.84389750000000 0.96464770566695
7.85963250000000 0.89964799418123
7.87536750000000 0.84385911855121
7.89110250000000 0.89248664796038
7.90683750000000 0.90619892998073
7.92257250000000 0.97996887068415
7.93830750000000 1.02746085361327
7.95404250000000 0.93811643641609
7.96977750000000 0.95140516257366
7.98551250000000 0.89689200577969
8.00124750000000 1.16306383948356
8.01698250000000 0.98220890470325
8.03271750000000 1.07870973984049
8.04845250000000 1.05783718202745
8.06418750000000 0.95414962641579
8.07992250000000 0.90084896995366
8.09565750000000 0.91381567912896
8.11139250000000 0.93487575591148
8.12712750000000 0.94759710083747
8.14286250000000 0.98462543059041
8.15859750000000 0.92408882158131
8.17433250000000 0.97705869492715
8.19006750000000 0.90895705260193
8.20580250000000 0.99361799457604
8.22153750000000 1.03771274730250
8.23727250000000 1.00989620067919
8.25300750000000 0.92683252646568
8.26874250000000 0.92330845267210
8.28447750000000 0.94338916921791
8.30021250000000 0.83800235896099
8.31594750000000 1.10791069050242
8.33168250000000 0.94827498486315
8.34741750000000 0.89824251229841
8.36315250000000 1.05686720748640
8.37888750000000 0.96836194652454
8.39462250000000 0.95707849901024
8.41035750000000 1.00689667545673
8.42609250000000 0.76755378689662
8.44182750000000 0.86312122103899
8.45756250000000 1.01077445455541
8.47329750000000 0.94690307419658
8.48903250000000 0.92093421955693
8.50476750000000 0.91752966070752
8.52050250000000 1.09251349673922
8.53623750000000 1.09589420106467
8.55197250000000 0.81889888710987
8.56770750000000 0.91879927585345
8.58344250000000 1.09852045741259
8.59917750000000 1.00694361901754
8.61491250000000 1.09050939825263
8.63064750000000 1.01410091143285
8.64638250000000 0.84441680908301
8.66211750000000 1.02831884059000
8.67785250000000 1.07474795640479
8.69358750000000 1.03516562166733
8.70932250000000 1.01720196482079
8.72505750000000 0.97101037433308
8.74079250000000 1.00989056576434
8.75652750000000 0.97108032205368
8.77226250000000 0.91851860435777
8.78799750000000 0.88029978476275
8.80373250000000 0.98157917701107
8.81946750000000 0.99888999801052
8.83520250000000 0.95386293171376
8.85093750000000 1.02623688957294
8.86667250000000 0.92651474490422
8.88240750000000 0.95742894086817
8.89814250000000 0.91997273885861
8.91387750000000 0.93030883941696
8.92961250000000 1.01499975269052
8.94534750000000 0.87657448205037
8.96108250000000 0.94069099952630
8.97681750000000 0.95078748628142
8.99255250000000 0.96080760801537
9.00828750000000 0.83112327014721
9.02402250000000 0.88123392507005
9.03975750000000 0.91118263009649
9.05549250000000 1.00013665445654
9.07122750000000 0.77373064217830
9.08696250000000 0.94748084363083
9.10269750000000 0.97676692632200
9.11843250000000 1.01882404368333
9.13416750000000 0.96358101420709
9.14990250000000 0.99249355937106
9.16563750000000 1.03404736306927
9.18137250000000 1.03690676750223
9.19710750000000 1.00784668461956
9.21284250000000 1.09340502131789
9.22857750000000 0.78558298511518
9.24431250000000 0.97863867090741
9.26004750000000 1.05711628771220
9.27578250000000 0.99709358649353
9.29151750000000 0.96872010210189
9.30725250000000 0.92807524466880
9.32298750000000 0.96839894442349
9.33872250000000 0.94657799221407
9.35445750000000 0.94339622045117
9.37019250000000 1.03855521873424
9.38592750000000 0.94320532635847
9.40166250000000 0.93394657048885
9.41739750000000 1.10725971375222
9.43313250000000 0.94591615839675
9.44886750000000 0.91859480625797
9.46460250000000 0.95770616351349
9.48033750000000 0.94852636349501
9.49607250000000 1.08898841904139
9.51180750000000 0.93033296623663
9.52754250000000 0.95698251714771
9.54327750000000 1.01899783102632
9.55901250000000 1.03336062100738
9.57474750000000 0.99465383907325
9.59048250000000 0.85646941747465
9.60621750000000 0.93552429526987
9.62195250000000 0.84504824508237
9.63768750000000 1.13273638356492
9.65342250000000 0.98429711590391
9.66915750000000 1.06766346007240
9.68489250000000 1.00667285989447
9.70062750000000 0.90593565246525
9.71636250000000 1.12589717350778
9.73209750000000 1.02541466458065
9.74783250000000 0.95396641966552
9.76356750000000 0.97353440162812
9.77930250000000 0.97040406863296
9.79503750000000 1.02915030308308
9.81077250000000 0.99221726373137
9.82650750000000 0.97227874457065
9.84224250000000 0.98031233828456
9.85797750000000 1.07712475840968
9.87371250000000 0.99067681729985
9.88944750000000 1.07579736740239
9.90518250000000 1.07788153612991
9.92091750000000 0.96482581821751
9.93665250000000 0.89619717170194
9.95238750000000 0.95328644999173
9.96812250000000 0.87425690053640
9.98385750000000 1.01765607143938
9.99959250000000 0.92811922560603
10.01532750000000 0.96823799570733
10.03106250000000 1.09925870956044
10.04679750000000 1.01029088255164
10.06253250000000 1.10305122384241
10.07826750000000 0.98274285165953
10.09400250000000 0.84729197831661
10.10973750000000 1.05054157984437
10.12547250000000 1.06306715707562
10.14120750000000 0.86040799852445
10.15694250000000 0.98849788764429
10.17267750000000 1.06365195798175
10.18841250000000 1.01878598283797
10.20414750000000 0.92755464701974
10.21988250000000 0.90403693363612
10.23561750000000 1.03516097645101
10.25135250000000 1.07305969379085
10.26708750000000 0.96228397546517
10.28282250000000 1.12263333472576
10.29855750000000 0.99202301192226
10.31429250000000 0.95349604167627
10.33002750000000 1.02138234376205
10.34576250000000 1.08885155227307
10.36149750000000 1.01518747011833
10.37723250000000 0.93194392725974
10.39296750000000 0.96908645747509
10.40870250000000 1.04584189830953
10.42443750000000 0.88380138155618
10.44017250000000 0.97024330853189
10.45590750000000 0.94264862029391
10.47164250000000 0.99886399316621
10.48737750000000 1.03511496604468
10.50311250000000 0.96843190856941
10.51884750000000 0.90701936940142
10.53458250000000 1.09878751777143
10.55031750000000 0.95978523997770
10.56605250000000 0.98592657895648
10.58178750000000 1.02154552353980
10.59752250000000 1.03292717067793
10.61325750000000 0.96280556391629
10.62899250000000 0.99338836813818
10.64472750000000 0.93807393008073
10.66046250000000 1.10147800277402
10.67619750000000 0.97042192462283
10.69193250000000 1.09972333892998
10.70766750000000 1.05884576116446
10.72340250000000 0.95720485043199
10.73913750000000 1.01522163953414
10.75487250000000 0.93295221873370
10.77060750000000 0.90232142441007
10.78634250000000 0.88114042679479
10.80207750000000 0.96643276995773
10.81781250000000 1.07888932822178
10.83354750000000 0.95163170202806
10.84928250000000 0.94428942196971
10.86501750000000 1.03296954850146
10.88075250000000 0.99352447567360
10.89648750000000 1.05882164686637
10.91222250000000 0.87905337431356
10.92795750000000 0.97592332386479
10.94369250000000 0.92806714526182
10.95942750000000 0.96583439048737
10.97516250000000 0.99442262701940
10.99089750000000 1.02284330947432
11.00663250000000 0.90412202230542
