     0.0133333 150890.1193650
     0.0400000 150642.3523381
     0.0666667 150394.5853112
     0.0933333 150146.8182843
     0.1200000 149899.0512575
     0.1466667 149651.2842306
     0.1733333 149403.5172037
     0.2000000 149155.7501768
     0.2266667 148907.9831500
     0.2533333 148660.2161231
     0.2800000 148412.4490962
     0.3066667 148164.6820694
     0.3333333 147916.9150425
     0.3600000 147669.1480156
     0.3866667 147421.3809887
     0.4133333 147173.6139619
     0.4400000 146925.8469350
     0.4666667 146678.0799081
     0.4933333 146430.3128813
     0.5200000 146182.5458544
     0.5466667 145934.7788275
     0.5733333 145687.0118006
     0.6000000 145439.2447738
     0.6266667 145191.4777469
     0.6533333 144943.7107200
     0.6800000 144695.9436932
     0.7066667 144448.1766663
     0.7333333 144200.4096394
     0.7600000 143952.6426125
     0.7866667 143704.8755857
     0.8133333 143457.1085588
     0.8400000 143209.3415319
     0.8666667 142961.5745051
     0.8933333 142713.8074782
     0.9200000 142466.0404513
     0.9466667 142218.2734244
     0.9733333 141970.5063976
     1.0000000 141722.7393707
     1.0266667 141474.9723438
     1.0533333 141227.2053169
     1.0800000 140979.4382901
     1.1066667 140731.6712632
     1.1333333 140483.9042363
     1.1600000 140236.1372095
     1.1866667 139988.3701826
     1.2133333 139740.6031557
     1.2400000 139492.8361288
     1.2666667 139245.0691020
     1.2933333 138997.3020751
     1.3200000 138749.5350482
     1.3466667 138501.7680214
     1.3733333 138254.0009945
     1.4000000 138006.2339676
     1.4266667 137758.4669407
     1.4533333 137510.6999139
     1.4800000 137262.9328870
     1.5066667 137015.1658601
     1.5333333 136767.3988333
     1.5600000 136519.6318064
     1.5866667 136271.8647795
     1.6133333 136024.0977526
     1.6400000 135776.3307258
     1.6666667 135528.5636989
     1.6933333 135280.7966720
     1.7200000 135033.0296452
     1.7466667 134785.2626183
     1.7733333 134537.4955914
     1.8000000 134289.7285645
     1.8266667 134041.9615377
     1.8533333 133794.1945108
     1.8800000 133546.4274839
     1.9066667 133298.6604570
     1.9333333 133050.8934302
     1.9600000 132803.1264033
     1.9866667 132555.3593764
     2.0133333 132307.5923496
     2.0400000 132059.8253227
     2.0666667 131812.0582958
     2.0933333 131564.2912689
     2.1200000 131316.5242421
     2.1466667 131068.7572152
     2.1733333 130820.9901883
     2.2000000 130573.2231615
     2.2266667 130325.4561346
     2.2533333 130077.6891077
     2.2800000 129829.9220808
     2.3066667 129582.1550540
     2.3333333 129334.3880271
     2.3600000 129086.6210002
     2.3866667 128838.8539734
     2.4133333 128591.0869465
     2.4400000 128343.3199196
     2.4666667 128095.5528927
     2.4933333 127847.7858659
     2.5200000 127600.0188390
     2.5466667 127352.2518121
     2.5733333 127104.4847853
     2.6000000 126856.7177584
     2.6266667 126608.9507315
     2.6533333 126361.1837046
     2.6800000 126113.4166778
     2.7066667 125865.6496509
     2.7333333 125617.8826240
     2.7600000 125370.1155972
     2.7866667 125122.3485703
     2.8133333 124874.5815434
     2.8400000 124626.8145165
     2.8666667 124379.0474897
     2.8933333 124131.2804628
     2.9200000 123883.5134359
     2.9466667 123635.7464090
     2.9733333 123387.9793822
     3.0000000 123140.2123553
     3.0266667 122892.4453284
     3.0533333 122644.6783016
     3.0800000 122396.9112747
     3.1066667 122149.1442478
     3.1333333 121901.3772209
     3.1600000 121653.6101941
     3.1866667 121405.8431672
     3.2133333 121158.0761403
     3.2400000 120910.3091135
     3.2666667 120662.5420866
     3.2933333 120414.7750597
     3.3200000 120167.0080328
     3.3466667 119919.2410060
     3.3733333 119671.4739791
     3.4000000 119423.7069522
     3.4266667 119175.9399254
     3.4533333 118928.1728985
     3.4800000 118680.4058716
     3.5066667 118432.6388447
     3.5333333 118184.8718179
     3.5600000 117937.1047910
     3.5866667 117689.3377641
     3.6133333 117441.5707373
     3.6400000 117193.8037104
     3.6666667 116946.0366835
     3.6933333 116698.2696566
     3.7200000 116450.5026298
     3.7466667 116202.7356029
     3.7733333 115954.9685760
     3.8000000 115707.2015491
     3.8266667 115459.4345223
     3.8533333 115211.6674954
     3.8800000 114963.9004685
     3.9066667 114716.1334417
     3.9333333 114468.3664148
     3.9600000 114220.5993879
     3.9866667 113972.8323610
     4.0133333 113725.0653342
     4.0400000 113477.2983073
     4.0666667      5.4417442
     4.0933333      7.1732369
     4.1200000      6.2045075
     4.1466667      5.2350199
     4.1733333      4.9357185
     4.2000000      5.1294631
     4.2266667      6.1740031
     4.2533333      4.3174579
     4.2800000      4.2357618
     4.3066667      4.3437206
     4.3333333      4.4112666
     4.3600000      4.0929469
     4.3866667      3.9415579
     4.4133333      3.7591340
     4.4400000      4.3981286
     4.4666667      3.5575138
     4.4933333      3.2972091
     4.5200000      3.2090278
     4.5466667      2.6622822
     4.5733333      2.0295481
     4.6000000      2.1731752
     4.6266667      1.9060298
     4.6533333      1.7390479
     4.6800000      1.9186579
     4.7066667      1.6013419
     4.7333333      1.2098998
     4.7600000      0.9957578
     4.7866667      1.0267574
     4.8133333      1.0563646
     4.8400000      1.1552134
     4.8666667      0.9646381
     4.8933333      0.4640889
     4.9200000      0.1811635
     4.9466667      0.0007993
     4.9733333     -0.1450629
     5.0000000     -0.1646775
     5.0266667     -0.2234505
     5.0533333      0.1134445
     5.0800000      0.0529979
     5.1066667      0.0322385
     5.1333333      0.1111980
     5.1600000      0.2229923
     5.1866667      0.1845771
     5.2133333      0.0658679
     5.2400000     -0.1281291
     5.2666667     -0.1151942
     5.2933333     -0.1566133
     5.3200000     -0.2054411
     5.3466667     -0.2048042
     5.3733333     -0.0491065
     5.4000000      0.0622297
     5.4266667      0.2070569
     5.4533333      0.1316760
     5.4800000      0.2187582
     5.5066667      0.2255283
     5.5333333      0.2054468
     5.5600000      0.1006927
     5.5866667      0.2287495
     5.6133333      0.1877223
     5.6400000      0.2315978
     5.6666667      0.3123029
     5.6933333      0.4482691
     5.7200000      0.6026917
     5.7466667      0.6090089
     5.7733333      0.4939560
     5.8000000      0.5138184
     5.8266667      0.5733688
     5.8533333      0.4839871
     5.8800000      0.6075451
     5.9066667      0.7003851
     5.9333333      0.8853020
     5.9600000      0.9943782
     5.9866667      0.9058096
     6.0133333      0.8228441
     6.0400000      0.6292310
     6.0666667      0.4430330
     6.0933333      0.3376663
     6.1200000      0.4340316
     6.1466667      0.6732375
     6.1733333      0.8999202
     6.2000000      0.9774979
     6.2266667      1.2444251
     6.2533333      1.3581595
     6.2800000      1.3142389
     6.3066667      1.3089065
     6.3333333      1.2937358
     6.3600000      1.2960826
     6.3866667      1.1887568
     6.4133333      0.9967456
     6.4400000      0.8326436
     6.4666667      0.8405949
     6.4933333      0.8505879
     6.5200000      1.0244925
     6.5466667      0.9984964
     6.5733333      1.0051308
     6.6000000      1.0952840
     6.6266667      1.0959571
     6.6533333      0.9696051
     6.6800000      1.0249960
     6.7066667      1.0497159
     6.7333333      0.9497019
     6.7600000      0.8861094
     6.7866667      0.8237155
     6.8133333      0.6376074
     6.8400000      0.5363222
     6.8666667      0.4370562
     6.8933333      0.4507170
     6.9200000      0.5149365
     6.9466667      0.5111731
     6.9733333      0.5447630
     7.0000000      0.6636822
     7.0266667      0.6364739
     7.0533333      0.6071645
     7.0800000      0.5714014
     7.1066667      0.4670383
     7.1333333      0.3627360
     7.1600000      0.3566042
     7.1866667      0.3559400
     7.2133333      0.3971735
     7.2400000      0.3668878
     7.2666667      0.4049222
     7.2933333      0.3579522
     7.3200000      0.2444114
     7.3466667      0.1658966
     7.3733333      0.0650354
     7.4000000      0.0107419
     7.4266667      0.0236708
     7.4533333     -0.0321682
     7.4800000      0.1557638
     7.5066667      0.2030575
     7.5333333      0.2149334
     7.5600000      0.1225088
     7.5866667      0.1004723
     7.6133333     -0.0527777
     7.6400000     -0.0673707
     7.6666667     -0.0743267
     7.6933333     -0.0950354
     7.7200000      0.0004913
     7.7466667     -0.0563796
     7.7733333      0.1150606
     7.8000000      0.1152492
     7.8266667      0.1812782
     7.8533333      0.0614434
     7.8800000      0.0859048
     7.9066667      0.1345172
     7.9333333      0.1477370
     7.9600000      0.1463189
     7.9866667      0.1992202
     8.0133333      0.2424666
     8.0400000      0.1684334
     8.0666667      0.1034557
     8.0933333      0.1565135
     8.1200000      0.1600244
     8.1466667      0.1850198
     8.1733333      0.2154937
     8.2000000      0.1657812
     8.2266667      0.2030136
     8.2533333      0.2213862
     8.2800000      0.2856851
     8.3066667      0.3193682
     8.3333333      0.3721819
     8.3600000      0.3333159
     8.3866667      0.1672327
     8.4133333      0.1577786
     8.4400000      0.1916316
     8.4666667      0.1967831
     8.4933333      0.2331034
     8.5200000      0.2607625
     8.5466667      0.2461806
     8.5733333      0.2295797
     8.6000000      0.3293042
     8.6266667      0.3621797
     8.6533333      0.3469758
     8.6800000      0.3283613
     8.7066667      0.2436187
     8.7333333      0.1713149
     8.7600000      0.1203926
     8.7866667      0.0989807
     8.8133333      0.1500247
     8.8400000      0.2165444
     8.8666667      0.2869253
     8.8933333      0.3294203
     8.9200000      0.2627984
     8.9466667      0.1843474
     8.9733333      0.0907809
     9.0000000      0.0709364
     9.0266667      0.0749870
     9.0533333      0.1084086
     9.0800000      0.1807666
     9.1066667      0.2182551
     9.1333333      0.2074720
     9.1600000      0.2561735
     9.1866667      0.1515781
     9.2133333      0.1539391
     9.2400000      0.0995830
     9.2666667      0.1574485
     9.2933333      0.1103195
     9.3200000      0.1332388
     9.3466667      0.0971598
     9.3733333      0.1679583
     9.4000000      0.1157906
     9.4266667      0.0662249
     9.4533333      0.0654622
     9.4800000      0.1226112
     9.5066667      0.1279431
     9.5333333      0.1856615
     9.5600000      0.2605207
     9.5866667      0.2543839
     9.6133333      0.2991296
     9.6400000      0.1727003
     9.6666667      0.1790374
     9.6933333      0.1488878
     9.7200000      0.0918697
     9.7466667      0.0611634
     9.7733333      0.1409319
     9.8000000      0.1054442
     9.8266667      0.0982220
     9.8533333      0.0835425
     9.8800000      0.1267114
     9.9066667      0.0351998
     9.9333333     -0.0058671
     9.9600000      0.0110659
     9.9866667     -0.0850487
    10.0133333     -0.0564062
    10.0400000     -0.0768710
    10.0666667     -0.0430056
    10.0933333     -0.0267893
    10.1200000     -0.0026099
    10.1466667      0.0137416
    10.1733333      0.0840082
    10.2000000      0.0392488
    10.2266667      0.0147723
    10.2533333      0.0394263
    10.2800000     -0.0024261
    10.3066667     -0.0054308
    10.3333333      0.0183001
    10.3600000      0.0875177
    10.3866667      0.1329313
    10.4133333      0.2129808
    10.4400000      0.1717046
    10.4666667      0.1601148
    10.4933333      0.1262110
    10.5200000      0.1578660
    10.5466667      0.1019973
    10.5733333      0.0629642
    10.6000000      0.1344304
    10.6266667      0.0904253
    10.6533333      0.0741042
    10.6800000      0.0222298
    10.7066667      0.0450328
    10.7333333      0.0736830
    10.7600000      0.1250221
    10.7866667      0.0818488
    10.8133333      0.1181817
    10.8400000      0.0695107
    10.8666667      0.0737901
    10.8933333      0.0358569
    10.9200000      0.0464292
    10.9466667     -0.0093274
    10.9733333      0.0023580
    11.0000000     -0.0318439
    11.0266667     -0.0455663
    11.0533333      0.0535078
    11.0800000      0.0529188
    11.1066667      0.1141654
    11.1333333      0.1102858
    11.1600000      0.1049891
    11.1866667      0.0587123
    11.2133333      0.0685971
    11.2400000      0.0265118
    11.2666667      0.0462403
    11.2933333      0.0642265
    11.3200000      0.0594655
    11.3466667      0.0885481
    11.3733333      0.1281667
    11.4000000      0.1667267
    11.4266667      0.2098374
    11.4533333      0.1989858
    11.4800000      0.1538617
    11.5066667      0.1957662
    11.5333333      0.1122231
    11.5600000      0.0964890
    11.5866667      0.0250035
    11.6133333      0.0154814
    11.6400000     -0.0001279
    11.6666667     -0.0085237
    11.6933333      0.0306115
    11.7200000      0.0649076
    11.7466667      0.1477250
    11.7733333      0.1682911
    11.8000000      0.1663402
    11.8266667      0.1512857
    11.8533333      0.1177540
    11.8800000      0.0928210
    11.9066667      0.0855321
    11.9333333      0.0573187
    11.9600000      0.1196156
    11.9866667      0.1039343
    12.0133333      0.1032016
    12.0400000      0.1587665
    12.0666667      0.1060142
    12.0933333      0.0950945
    12.1200000      0.0657606
    12.1466667      0.0547909
    12.1733333      0.1111446
    12.2000000      0.1660595
    12.2266667      0.1573529
    12.2533333      0.2202491
    12.2800000      0.2083094
    12.3066667      0.1340148
    12.3333333      0.0935701
    12.3600000      0.0618297
    12.3866667      0.1023178
    12.4133333      0.0490038
    12.4400000     -0.0156076
    12.4666667      0.0390456
    12.4933333      0.0756225
    12.5200000      0.0614810
    12.5466667     -0.0083971
    12.5733333      0.0604059
    12.6000000      0.0169548
    12.6266667      0.0256125
    12.6533333      0.0063386
    12.6800000      0.0194935
    12.7066667      0.1219158
    12.7333333      0.1393785
    12.7600000      0.1145308
    12.7866667      0.1268940
    12.8133333      0.1039155
    12.8400000      0.0819623
    12.8666667      0.0629152
    12.8933333      0.1344172
    12.9200000      0.1396188
    12.9466667      0.1321328
    12.9733333      0.1410937
    13.0000000      0.0988272
    13.0266667      0.1910670
    13.0533333      0.1625427
    13.0800000      0.2231906
    13.1066667      0.2131220
    13.1333333      0.2432340
    13.1600000      0.2203858
    13.1866667      0.1475956
    13.2133333      0.1229359
    13.2400000      0.0788270
    13.2666667      0.0747593
    13.2933333     -0.0329160
    13.3200000      0.0140653
    13.3466667      0.0531360
    13.3733333      0.0395285
    13.4000000      0.0511660
    13.4266667      0.0882142
    13.4533333      0.0916072
    13.4800000      0.0988055
    13.5066667      0.0766063
    13.5333333      0.1019129
    13.5600000      0.1413270
    13.5866667      0.0990897
    13.6133333      0.0731428
    13.6400000      0.0722542
    13.6666667      0.0943088
    13.6933333      0.0890261
    13.7200000      0.0844873
    13.7466667      0.0877087
    13.7733333      0.0818841
    13.8000000      0.1065214
    13.8266667      0.0439569
    13.8533333      0.0460475
    13.8800000      0.1113086
    13.9066667      0.1422716
    13.9333333      0.1262548
    13.9600000      0.1245378
    13.9866667      0.1090793
    14.0133333      0.0546463
    14.0400000     -0.0136257
    14.0666667      0.0016143
    14.0933333     -0.0077746
    14.1200000      0.0650732
    14.1466667      0.0431904
    14.1733333      0.0489705
    14.2000000      0.0582339
    14.2266667      0.0919042
    14.2533333      0.0695148
    14.2800000      0.0491389
    14.3066667     -0.0038409
    14.3333333     -0.0065533
    14.3600000     -0.0100020
    14.3866667      0.0382456
    14.4133333      0.0595638
    14.4400000      0.1257136
    14.4666667      0.1696369
    14.4933333      0.1640260
    14.5200000      0.0916810
    14.5466667      0.0182712
    14.5733333      0.0183894
    14.6000000      0.0168545
    14.6266667      0.0184596
    14.6533333      0.0536695
    14.6800000      0.1117893
    14.7066667      0.0813841
    14.7333333      0.0661140
    14.7600000      0.0619915
    14.7866667      0.0743595
    14.8133333      0.0934894
    14.8400000      0.0352583
    14.8666667      0.0308236
    14.8933333      0.0467757
    14.9200000      0.0385248
    14.9466667     -0.0211854
    14.9733333     -0.0005682
    15.0000000      0.0207679
    15.0266667      0.0106309
    15.0533333      0.0408035
    15.0800000      0.0422940
    15.1066667      0.1094619
    15.1333333      0.1252307
    15.1600000      0.0870043
    15.1866667      0.0951397
    15.2133333      0.0939775
    15.2400000      0.0830054
    15.2666667      0.0557519
    15.2933333      0.0430536
    15.3200000      0.0396753
    15.3466667      0.0285911
    15.3733333      0.0471150
    15.4000000      0.0307512
    15.4266667      0.0498094
    15.4533333      0.0190583
    15.4800000      0.0172873
    15.5066667      0.0002766
    15.5333333     -0.0298803
    15.5600000     -0.0179844
    15.5866667      0.1176270
    15.6133333      0.1096370
    15.6400000      0.1440443
    15.6666667      0.1515810
    15.6933333      0.1095124
    15.7200000      0.1218888
    15.7466667      0.0210658
    15.7733333      0.0292923
    15.8000000      0.0408878
    15.8266667      0.0683250
    15.8533333      0.0559854
    15.8800000      0.0444453
    15.9066667      0.0475020
    15.9333333      0.0415385
    15.9600000      0.0393873
    15.9866667      0.0387199