     0.0133333 150890.1193650
     0.0400000 150642.3523381
     0.0666667 150394.5853112
     0.0933333 150146.8182843
     0.1200000 149899.0512575
     0.1466667 149651.2842306
     0.1733333 149403.5172037
     0.2000000 149155.7501768
     0.2266667 148907.9831500
     0.2533333 148660.2161231
     0.2800000 148412.4490962
     0.3066667 148164.6820694
     0.3333333 147916.9150425
     0.3600000 147669.1480156
     0.3866667 147421.3809887
     0.4133333 147173.6139619
     0.4400000 146925.8469350
     0.4666667 146678.0799081
     0.4933333 146430.3128813
     0.5200000 146182.5458544
     0.5466667 145934.7788275
     0.5733333 145687.0118006
     0.6000000 145439.2447738
     0.6266667 145191.4777469
     0.6533333 144943.7107200
     0.6800000 144695.9436932
     0.7066667 144448.1766663
     0.7333333 144200.4096394
     0.7600000 143952.6426125
     0.7866667      0.0000000
     0.8133333      4.9553405
     0.8400000      0.0000000
     0.8666667     14.8660216
     0.8933333      4.9553405
     0.9200000      9.9106811
     0.9466667      9.9106811
     0.9733333      4.9553405
     1.0000000      9.9106811
     1.0266667      9.9106811
     1.0533333      9.9106811
     1.0800000      9.9106811
     1.1066667      9.9106811
     1.1333333      4.9553405
     1.1600000      4.9553405
     1.1866667     14.8660216
     1.2133333      9.9106811
     1.2400000     14.8660216
     1.2666667     14.8660216
     1.2933333     14.8660216
     1.3200000      9.9106811
     1.3466667      9.9106811
     1.3733333     14.8660216
     1.4000000      9.9106811
     1.4266667      9.9106811
     1.4533333      9.9106811
     1.4800000     14.8660216
     1.5066667     14.8660216
     1.5333333     14.8660216
     1.5600000     14.8660216
     1.5866667     14.8660216
     1.6133333      9.9106811
     1.6400000     14.8660216
     1.6666667     14.8660216
     1.6933333     14.8660216
     1.7200000     14.8660216
     1.7466667     14.8660216
     1.7733333     19.8213621
     1.8000000     14.8660216
     1.8266667     14.8660216
     1.8533333     14.8660216
     1.8800000     14.8660216
     1.9066667     19.8213621
     1.9333333      9.9106811
     1.9600000     19.8213621
     1.9866667     14.8660216
     2.0133333     19.8213621
     2.0400000     19.8213621
     2.0666667     14.8660216
     2.0933333     14.8660216
     2.1200000     19.8213621
     2.1466667     14.8660216
     2.1733333     14.8660216
     2.2000000     19.8213621
     2.2266667     14.8660216
     2.2533333     24.7767027
     2.2800000     14.8660216
     2.3066667     19.8213621
     2.3333333     19.8213621
     2.3600000     19.8213621
     2.3866667     14.8660216
     2.4133333     19.8213621
     2.4400000     24.7767027
     2.4666667     14.8660216
     2.4933333     19.8213621
     2.5200000     14.8660216
     2.5466667     24.7767027
     2.5733333     19.8213621
     2.6000000     19.8213621
     2.6266667     19.8213621
     2.6533333     19.8213621
     2.6800000     19.8213621
     2.7066667     19.8213621
     2.7333333     19.8213621
     2.7600000     24.7767027
     2.7866667     19.8213621
     2.8133333     29.7320432
     2.8400000     24.7767027
     2.8666667     29.7320432
     2.8933333     24.7767027
     2.9200000     19.8213621
     2.9466667     24.7767027
     2.9733333      4.7281175
     3.0000000      4.1501260
     3.0266667      3.9374570
     3.0533333      3.2564839
     3.0800000      3.0376443
     3.1066667      2.8366566
     3.1333333      3.5402924
     3.1600000      5.8518241
     3.1866667      5.6525237
     3.2133333      3.4836118
     3.2400000      2.1082962
     3.2666667      1.3523139
     3.2933333      0.5174809
     3.3200000     -0.3301905
     3.3466667     -0.5047253
     3.3733333     -0.6937989
     3.4000000     -0.5674017
     3.4266667     -0.8624901
     3.4533333     -0.9818756
     3.4800000     -1.2996332
     3.5066667     -1.1699746
     3.5333333     -1.3671311
     3.5600000     -1.2034941
     3.5866667     -1.1669338
     3.6133333     -1.2106971
     3.6400000     -1.4820609
     3.6666667     -1.5215244
     3.6933333     -1.5994265
     3.7200000     -1.5735520
     3.7466667     -1.5795804
     3.7733333     -1.5009607
     3.8000000     -1.3291954
     3.8266667     -0.9725341
     3.8533333     -1.1152157
     3.8800000     -1.0709296
     3.9066667     -0.9625788
     3.9333333     -0.9874718
     3.9600000     -0.8833829
     3.9866667     -0.6663057
     4.0133333     -0.4837328
     4.0400000     -0.3656228
     4.0666667     -0.1792495
     4.0933333     -0.2887078
     4.1200000     -0.3642558
     4.1466667     -0.4070621
     4.1733333     -0.2762720
     4.2000000     -0.2730094
     4.2266667     -0.0321682
     4.2533333      0.2245983
     4.2800000      0.3151544
     4.3066667      0.3618816
     4.3333333      0.5619035
     4.3600000      0.5162893
     4.3866667      0.7104634
     4.4133333      1.0826042
     4.4400000      1.1150348
     4.4666667      1.2087656
     4.4933333      1.0376469
     4.5200000      0.8518335
     4.5466667      0.8123152
     4.5733333      1.0059112
     4.6000000      1.0880382
     4.6266667      1.3097905
     4.6533333      1.3400488
     4.6800000      1.4625670
     4.7066667      1.3924339
     4.7333333      1.4177169
     4.7600000      1.5652595
     4.7866667      1.6380769
     4.8133333      1.6658231
     4.8400000      1.7421772
     4.8666667      1.8066973
     4.8933333      2.0770710
     4.9200000      2.1050447
     4.9466667      2.1514488
     4.9733333      2.1215018
     5.0000000      1.9014169
     5.0266667      1.8234677
     5.0533333      1.7957297
     5.0800000      1.8321358
     5.1066667      1.9522745
     5.1333333      1.9135814
     5.1600000      1.8534108
     5.1866667      1.5453077
     5.2133333      1.4666653
     5.2400000      1.3303478
     5.2666667      1.4011387
     5.2933333      1.4350796
     5.3200000      1.4887300
     5.3466667      1.3690961
     5.3733333      1.2096607
     5.4000000      0.8743811
     5.4266667      0.9359648
     5.4533333      0.9458508
     5.4800000      0.9052584
     5.5066667      0.9703557
     5.5333333      0.8098975
     5.5600000      0.6441357
     5.5866667      0.4154971
     5.6133333      0.3178901
     5.6400000      0.2409609
     5.6666667      0.3257696
     5.6933333      0.2171545
     5.7200000      0.2284914
     5.7466667      0.3414466
     5.7733333      0.3167901
     5.8000000      0.1800490
     5.8266667      0.0230935
     5.8533333     -0.0030182
     5.8800000     -0.0976849
     5.9066667     -0.2784093
     5.9333333     -0.3283325
     5.9600000     -0.3053203
     5.9866667     -0.2837562
     6.0133333     -0.1279549
     6.0400000     -0.1186153
     6.0666667     -0.0941327
     6.0933333     -0.0075185
     6.1200000     -0.0880568
     6.1466667     -0.1993457
     6.1733333     -0.2350510
     6.2000000     -0.3629155
     6.2266667     -0.3705140
     6.2533333     -0.4100768
     6.2800000     -0.2530324
     6.3066667     -0.2826453
     6.3333333     -0.2808594
     6.3600000     -0.1383728
     6.3866667     -0.0095447
     6.4133333     -0.0688227
     6.4400000     -0.1228758
     6.4666667      0.0238999
     6.4933333      0.1250416
     6.5200000      0.2561829
     6.5466667      0.2854670
     6.5733333      0.2954313
     6.6000000      0.2349828
     6.6266667      0.0856572
     6.6533333      0.0032142
     6.6800000     -0.0784902
     6.7066667     -0.0737899
     6.7333333     -0.0762671
     6.7600000      0.0187748
     6.7866667      0.0978322
     6.8133333      0.1670920
     6.8400000      0.2250100
     6.8666667      0.2912145
     6.8933333      0.2955798
     6.9200000      0.2462556
     6.9466667      0.3038521
     6.9733333      0.2806321
     7.0000000      0.4195987
     7.0266667      0.4798834
     7.0533333      0.4676615
     7.0800000      0.4815143
     7.1066667      0.5541668
     7.1333333      0.5357727
     7.1600000      0.6363104
     7.1866667      0.7607971
     7.2133333      0.7229488
     7.2400000      0.6966885
     7.2666667      0.6868559
     7.2933333      0.6370207
     7.3200000      0.5529137
     7.3466667      0.4458091
     7.3733333      0.4771462
     7.4000000      0.5497943
     7.4266667      0.5683608
     7.4533333      0.6025017
     7.4800000      0.5573703
     7.5066667      0.5581243
     7.5333333      0.5102032
     7.5600000      0.4862380
     7.5866667      0.4469433
     7.6133333      0.4382757
     7.6400000      0.4500575
     7.6666667      0.5734764
     7.6933333      0.5753415
     7.7200000      0.6171624
     7.7466667      0.6431810
     7.7733333      0.6976883
     7.8000000      0.7581820
     7.8266667      0.5126174
     7.8533333      0.3650926
     7.8800000      0.3083342
     7.9066667      0.3316528
     7.9333333      0.2790546
     7.9600000      0.2962821
     7.9866667      0.4288358
     8.0133333      0.4323048
     8.0400000      0.3481416
     8.0666667      0.3256884
     8.0933333      0.3061455
     8.1200000      0.2764413
     8.1466667      0.2020299
     8.1733333      0.2112960
     8.2000000      0.1635663
     8.2266667      0.1668807
     8.2533333      0.0350821
     8.2800000     -0.0657118
     8.3066667     -0.0064033
     8.3333333      0.0329715
     8.3600000      0.1089312
     8.3866667      0.1431160
     8.4133333      0.1849555
     8.4400000      0.1972254
     8.4666667      0.2614704
     8.4933333      0.2041385
     8.5200000      0.3274692
     8.5466667      0.3394958
     8.5733333      0.1942654
     8.6000000      0.2376924
     8.6266667      0.2121215
     8.6533333      0.2473222
     8.6800000      0.2778908
     8.7066667      0.3155405
     8.7333333      0.3161056
     8.7600000      0.3107853
     8.7866667      0.1314220
     8.8133333      0.1331909
     8.8400000      0.1204687
     8.8666667      0.1250158
     8.8933333      0.1809079
     8.9200000      0.2209171
     8.9466667      0.3052146
     8.9733333      0.3687498
     9.0000000      0.3919900
     9.0266667      0.4488208
     9.0533333      0.3311426
     9.0800000      0.2786468
     9.1066667      0.3083278
     9.1333333      0.3002449
     9.1600000      0.3178760
     9.1866667      0.2762049
     9.2133333      0.3050183
     9.2400000      0.3203191
     9.2666667      0.2387612
     9.2933333      0.2480468
     9.3200000      0.2547370
     9.3466667      0.2939891
     9.3733333      0.2749686
     9.4000000      0.3396320
     9.4266667      0.3311791
     9.4533333      0.2722266
     9.4800000      0.2372576
     9.5066667      0.2756385
     9.5333333      0.2280085
     9.5600000      0.2730921
     9.5866667      0.2142433
     9.6133333      0.2900148
     9.6400000      0.3254972
     9.6666667      0.2482924
     9.6933333      0.2276014
     9.7200000      0.2387745
     9.7466667      0.2126859
     9.7733333      0.2135319
     9.8000000      0.1345151
     9.8266667      0.0720650
     9.8533333      0.1174872
     9.8800000      0.1311479
     9.9066667      0.1764666
     9.9333333      0.1935102
     9.9600000      0.2010725
     9.9866667      0.2144819
    10.0133333      0.2456948
    10.0400000      0.2475416
    10.0666667      0.2262725
    10.0933333      0.1583366
    10.1200000      0.2003169
    10.1466667      0.2159205
    10.1733333      0.1942127
    10.2000000      0.1841995
    10.2266667      0.1027757
    10.2533333      0.1363196
    10.2800000      0.0843505
    10.3066667      0.1641899
    10.3333333      0.1465659
    10.3600000      0.1573733
    10.3866667      0.2017855
    10.4133333      0.1721638
    10.4400000      0.1334398
    10.4666667      0.0586581
    10.4933333      0.0834639
    10.5200000      0.1056777
    10.5466667      0.1055031
    10.5733333      0.0715106
    10.6000000      0.1139730
    10.6266667      0.0872710
    10.6533333      0.0261388
    10.6800000     -0.0109196
    10.7066667      0.0330428
    10.7333333      0.0894255
    10.7600000      0.0336453
    10.7866667      0.0478277
    10.8133333      0.0436580
    10.8400000      0.0822410
    10.8666667      0.0406044
    10.8933333      0.0653471
    10.9200000      0.0918416
    10.9466667      0.1178966
    10.9733333      0.2126760
    11.0000000      0.1562253
    11.0266667      0.2089365
    11.0533333      0.2472942
    11.0800000      0.2788080
    11.1066667      0.1616696
    11.1333333      0.1470891
    11.1600000      0.0741536
    11.1866667      0.1650584
    11.2133333      0.0613288
    11.2400000      0.0641922
    11.2666667      0.0889365
    11.2933333      0.1340162
    11.3200000      0.1244680
    11.3466667      0.1132378
    11.3733333      0.0942296
    11.4000000      0.1536653
    11.4266667      0.1771365
    11.4533333      0.1758732
    11.4800000      0.1820771
    11.5066667      0.2177551
    11.5333333      0.1884086
    11.5600000      0.0977441
    11.5866667      0.0942604
    11.6133333      0.0300644
    11.6400000      0.0459460
    11.6666667      0.1047541
    11.6933333      0.1096517
    11.7200000      0.1507932
    11.7466667      0.1821376
    11.7733333      0.2073628
    11.8000000      0.2129607
    11.8266667      0.1549890
    11.8533333      0.1087429
    11.8800000      0.0668019
    11.9066667      0.0479691
    11.9333333      0.0170208
    11.9600000      0.0474424
    11.9866667      0.0877612
    12.0133333      0.1802077
    12.0400000      0.2084631
    12.0666667      0.2188380
    12.0933333      0.1827331
    12.1200000      0.1729924
    12.1466667      0.1151748
    12.1733333      0.0944086
    12.2000000      0.0870654
    12.2266667      0.1106234
    12.2533333      0.1664364
    12.2800000      0.1179019
    12.3066667      0.1002615
    12.3333333      0.1359589
    12.3600000      0.1491284
    12.3866667      0.0874719
    12.4133333      0.1346247
    12.4400000      0.1133098
    12.4666667      0.1416501
    12.4933333      0.1598464
    12.5200000      0.1484597
    12.5466667      0.2344988
    12.5733333      0.2395856
    12.6000000      0.2212309
    12.6266667      0.1436075
    12.6533333      0.1397755
    12.6800000      0.1535546
    12.7066667      0.1615634
    12.7333333      0.1431420
    12.7600000      0.1262033
    12.7866667      0.1688457
    12.8133333      0.1593471
    12.8400000      0.1210239
    12.8666667      0.1445720
    12.8933333      0.1179683
    12.9200000      0.1312836
    12.9466667      0.0742349
    12.9733333     -0.0703335
    13.0000000     -0.0655979
    13.0266667     -0.0176428
    13.0533333      0.0356524
    13.0800000      0.0318620
    13.1066667      0.0262666
    13.1333333      0.0289194
    13.1600000      0.0119595
    13.1866667     -0.0259599
    13.2133333     -0.0444606
    13.2400000      0.0440633
    13.2666667      0.0561369
    13.2933333      0.0879588
    13.3200000      0.0384208
    13.3466667      0.0456693
    13.3733333      0.0272125
    13.4000000      0.0541387
    13.4266667      0.0661811
    13.4533333      0.1166612
    13.4800000      0.1416604
    13.5066667      0.1616572
    13.5333333      0.1301473
    13.5600000      0.1054540
    13.5866667      0.1285823
    13.6133333      0.1119122
    13.6400000      0.0713900
    13.6666667      0.0428722
    13.6933333      0.0213088
    13.7200000      0.0783251
    13.7466667      0.0699776
    13.7733333      0.0628226
    13.8000000      0.1165661
    13.8266667      0.1151408
    13.8533333      0.1212800
    13.8800000      0.1313804
    13.9066667      0.1200973
    13.9333333      0.0947824
    13.9600000      0.1046742
    13.9866667      0.0999532
    14.0133333      0.0610540
    14.0400000      0.0681775
    14.0666667      0.0598861
    14.0933333      0.0564004
    14.1200000      0.0212788
    14.1466667      0.0046902
    14.1733333      0.0198441
    14.2000000      0.0219884
    14.2266667      0.0352778
    14.2533333      0.1325603
    14.2800000      0.1252658
    14.3066667      0.1306787
    14.3333333      0.1474700
    14.3600000      0.1271160
    14.3866667      0.1797532
    14.4133333      0.1594389
    14.4400000      0.1126088
    14.4666667      0.1209020
    14.4933333      0.1041568
    14.5200000      0.0764454
    14.5466667      0.0312702
    14.5733333      0.1011748
    14.6000000      0.1335797
    14.6266667      0.1171753
    14.6533333      0.1194280
    14.6800000      0.0540882
    14.7066667      0.0795142
    14.7333333      0.0738561
    14.7600000      0.1000037
    14.7866667      0.1198323
    14.8133333      0.1305499
    14.8400000      0.0986636
    14.8666667      0.0922727
    14.8933333     -0.0078327
    14.9200000     -0.0097147
    14.9466667     -0.0352412
    14.9733333     -0.0031957
    15.0000000      0.0467311
    15.0266667      0.1096378
    15.0533333      0.2235778
    15.0800000      0.2100841
    15.1066667      0.1813220
    15.1333333      0.1943571
    15.1600000      0.1910148
    15.1866667      0.1066758
    15.2133333      0.0671725
    15.2400000      0.0811932
    15.2666667      0.1167528
    15.2933333      0.1311292
    15.3200000      0.0943096
    15.3466667      0.0754995
    15.3733333      0.1021031
    15.4000000      0.0485063
    15.4266667      0.0111495
    15.4533333     -0.0020661
    15.4800000      0.0355314
    15.5066667      0.0985285
    15.5333333      0.1218891
    15.5600000      0.1087980
    15.5866667      0.0963134
    15.6133333      0.1057071
    15.6400000      0.0574939
    15.6666667      0.0021734
    15.6933333     -0.0095155
    15.7200000      0.0404033
    15.7466667      0.0144688
    15.7733333      0.0139211
    15.8000000      0.0150076
    15.8266667      0.0634943
    15.8533333      0.0431796
    15.8800000      0.0230125
    15.9066667      0.0367382
    15.9333333      0.0408493
    15.9600000      0.0581602
    15.9866667      0.0724425